N_THREADS	N_TRANSACTIONS	TIME	N_ABORTS	PROCESS_READ_TIME	PROCESS_WRITE_TIME	PROCESS_VALIDATION_TIME	PROCESS_OTHER_TIME	COMMIT_VALIDATION_TIME	COMMIT_OTHER_TIME	WASTED_TIME
1	100	0.0165157	0	4.16771e-05	5.25714e-07	0	3.11571e-05	2.48571e-07	1.92429e-05	2.45429e-06
1	100	0.0165208	0	4.16571e-05	5.34286e-07	0	3.116e-05	2.51429e-07	1.92771e-05	2.45143e-06
1	100	0.0165226	0	4.16886e-05	5.28571e-07	0	3.11714e-05	2.48571e-07	1.92714e-05	2.46857e-06
1	100	0.0165227	0	4.16429e-05	5.28571e-07	0	3.11743e-05	2.51429e-07	1.93171e-05	2.43429e-06
1	100	0.0165287	0	4.16857e-05	5.28571e-07	0	3.12057e-05	2.45714e-07	1.92886e-05	2.46571e-06
1	100	0.0165253	0	4.16886e-05	5.34286e-07	0	3.11771e-05	2.51429e-07	1.92971e-05	2.44571e-06
1	100	0.0165221	0	4.17057e-05	5.34286e-07	0	3.11771e-05	2.51429e-07	1.92743e-05	2.44571e-06
1	100	0.01652	0	4.16943e-05	5.25714e-07	0	3.11657e-05	2.51429e-07	1.92971e-05	2.45143e-06
1	100	0.0165187	0	4.17029e-05	5.25714e-07	0	3.11743e-05	2.45714e-07	1.92514e-05	2.45714e-06
1	100	0.0165143	0	4.16686e-05	5.25714e-07	0	3.116e-05	2.51429e-07	1.92543e-05	2.44286e-06
2	200	0.0189533	0.497512	4.91571e-05	7.77143e-07	0	3.57029e-05	2.48571e-07	2.48257e-05	3.03714e-06
2	200	0.0189439	0.497512	4.90514e-05	7.71429e-07	0	3.576e-05	2.51429e-07	2.47829e-05	3.05714e-06
2	200	0.0189416	0.497512	4.90571e-05	7.71429e-07	0	3.56857e-05	2.48571e-07	2.48257e-05	3.04e-06
2	200	0.0189541	0.497512	4.91086e-05	7.74286e-07	0	3.57457e-05	2.51429e-07	2.48771e-05	3.05429e-06
2	200	0.0189339	0.497512	4.90771e-05	7.77143e-07	0	3.57057e-05	2.48571e-07	2.48514e-05	3.04571e-06
2	200	0.0189517	0.497512	4.91171e-05	7.71429e-07	0	3.57371e-05	2.51429e-07	2.48886e-05	3.04857e-06
2	200	0.0189238	0.497512	4.90229e-05	7.74286e-07	0	3.56714e-05	2.48571e-07	2.47429e-05	3.04571e-06
2	200	0.0189397	0.497512	4.90343e-05	7.8e-07	0	3.57171e-05	2.48571e-07	2.47429e-05	3.03429e-06
2	200	0.0189494	0.497512	4.90971e-05	7.77143e-07	0	3.56943e-05	2.48571e-07	2.48429e-05	3.04857e-06
2	200	0.0188623	0.497512	4.908e-05	7.77143e-07	0	3.56743e-05	2.48571e-07	2.47343e-05	2.96857e-06
3	300	0.0200947	0.990099	5.394e-05	9.88571e-07	0	3.85029e-05	2.45714e-07	2.86629e-05	4.19714e-06
3	300	0.0202106	2.28013	5.36029e-05	9.65714e-07	0	3.82886e-05	2.48571e-07	2.84371e-05	5.95714e-06
3	300	0.0204177	2.91262	5.35371e-05	9.71429e-07	0	3.83257e-05	2.48571e-07	2.82343e-05	6.59429e-06
3	300	0.0202352	1.31579	5.38029e-05	9.71429e-07	0	3.83543e-05	2.42857e-07	2.85457e-05	4.61429e-06
3	300	0.0204965	3.22581	5.37057e-05	9.71429e-07	0	3.83514e-05	2.48571e-07	2.82571e-05	6.40286e-06
3	300	0.0202693	1.96078	5.37086e-05	9.85714e-07	0	3.83257e-05	2.48571e-07	2.84229e-05	5.49714e-06
3	300	0.020285	2.91262	5.36e-05	9.68571e-07	0	3.83286e-05	2.48571e-07	2.82029e-05	6.01143e-06
3	300	0.020263	1.31579	5.38057e-05	9.71429e-07	0	3.84571e-05	2.48571e-07	2.85029e-05	4.28286e-06
3	300	0.0202969	1.96078	5.37743e-05	9.88571e-07	0	3.84114e-05	2.48571e-07	2.85343e-05	5.49143e-06
3	300	0.0203346	2.91262	5.36686e-05	9.6e-07	0	3.83686e-05	2.51429e-07	2.82143e-05	5.78857e-06
4	400	0.0229195	10.7143	5.99057e-05	1.2e-06	0	4.19543e-05	2.45714e-07	3.21457e-05	1.67514e-05
4	400	0.0228295	9.50226	5.93914e-05	1.21714e-06	0	4.192e-05	2.51429e-07	3.19286e-05	1.38286e-05
4	400	0.0225637	8.04598	5.99057e-05	1.19429e-06	0	4.21257e-05	2.48571e-07	3.22114e-05	1.32686e-05
4	400	0.0231057	10.9131	5.99029e-05	1.22e-06	0	4.19486e-05	2.48571e-07	3.20229e-05	1.73486e-05
4	400	0.022955	12.4726	5.95771e-05	1.2e-06	0	4.19e-05	2.51429e-07	3.17486e-05	1.56257e-05
4	400	0.0241193	14.8936	6.00943e-05	1.18286e-06	0	4.216e-05	2.45714e-07	3.20029e-05	2.036e-05
4	400	0.0230193	9.29705	5.95743e-05	1.19429e-06	0	4.18771e-05	2.48571e-07	3.224e-05	1.38514e-05
4	400	0.0225995	10.5145	6.04257e-05	1.24857e-06	0	4.216e-05	2.45714e-07	3.25029e-05	1.42286e-05
4	400	0.0221737	6.97674	5.96457e-05	1.22857e-06	0	4.18629e-05	2.51429e-07	3.21457e-05	1.13171e-05
4	400	0.0230532	12.4726	5.99257e-05	1.18857e-06	0	4.19571e-05	2.45714e-07	3.21343e-05	1.74314e-05
5	500	0.0306669	22.1184	6.77743e-05	1.36286e-06	0	4.67686e-05	2.42857e-07	3.61314e-05	3.57771e-05
5	500	0.0299586	19.3548	6.924e-05	1.40857e-06	0	4.74543e-05	2.42857e-07	3.68943e-05	3.04514e-05
5	500	0.027856	17.6277	6.71171e-05	1.23143e-06	0	4.60657e-05	2.42857e-07	3.61571e-05	2.56029e-05
5	500	0.0281837	18.9627	6.83029e-05	1.28857e-06	0	4.70057e-05	2.42857e-07	3.638e-05	3.02971e-05
5	500	0.0267673	15.683	6.83971e-05	1.28286e-06	0	4.70086e-05	2.42857e-07	3.67714e-05	2.50514e-05
5	500	0.029676	23.0769	6.83086e-05	1.40571e-06	0	4.68857e-05	2.42857e-07	3.65629e-05	3.82543e-05
5	500	0.0262966	13.4948	6.80857e-05	1.36286e-06	0	4.68286e-05	2.42857e-07	3.63286e-05	2.12457e-05
5	500	0.0314778	22.1184	6.844e-05	1.39429e-06	0	4.71714e-05	2.42857e-07	3.62686e-05	3.52229e-05
5	500	0.0283297	19.4847	6.84457e-05	1.40857e-06	0	4.70686e-05	2.42857e-07	3.624e-05	3.268e-05
5	500	0.0285031	19.3548	6.76114e-05	1.28571e-06	0	4.63514e-05	2.42857e-07	3.60429e-05	2.96229e-05
6	600	0.0324032	23.0769	8.09429e-05	1.55143e-06	0	5.39657e-05	2.4e-07	4.30343e-05	4.44257e-05
6	600	0.0345195	22.7799	7.98857e-05	1.55714e-06	0	5.376e-05	2.4e-07	4.21343e-05	4.30457e-05
6	600	0.034029	26.1084	7.924e-05	1.61429e-06	0	5.30457e-05	2.4e-07	4.17629e-05	4.388e-05
6	600	0.038113	26.4706	7.65286e-05	1.52857e-06	0	5.14943e-05	2.4e-07	4.00914e-05	5.39543e-05
6	600	0.0370613	30.1513	8.00714e-05	1.69143e-06	0	5.35886e-05	2.4e-07	4.20143e-05	6.12314e-05
6	600	0.0358628	30.0699	8.26086e-05	1.70571e-06	0	5.498e-05	2.4e-07	4.29743e-05	6.01286e-05
6	600	0.036151	24.7177	8.07543e-05	1.63429e-06	0	5.40286e-05	2.4e-07	4.24257e-05	5.00257e-05
6	600	0.0375346	25.187	8.12886e-05	1.68e-06	0	5.44343e-05	2.42857e-07	4.27886e-05	5.48714e-05
6	600	0.0358612	28.91	8.05114e-05	1.67143e-06	0	5.36914e-05	2.4e-07	4.23771e-05	5.85e-05
6	600	0.0364898	31.5849	7.83171e-05	1.63143e-06	0	5.27514e-05	2.4e-07	4.08714e-05	5.94114e-05
7	700	0.0444105	31.8403	9.23429e-05	1.81714e-06	0	6.06514e-05	2.4e-07	4.79943e-05	7.95229e-05
7	700	0.0456418	34.334	9.75657e-05	1.91429e-06	0	6.382e-05	2.4e-07	5.08829e-05	8.594e-05
7	700	0.0440764	30.83	9.98714e-05	1.97714e-06	0	6.52314e-05	2.4e-07	5.20686e-05	8.68571e-05
7	700	0.0412994	28.4254	9.53886e-05	1.66571e-06	0	6.22629e-05	2.4e-07	4.95171e-05	6.81829e-05
7	700	0.0418901	33.0784	9.35943e-05	1.64571e-06	0	6.138e-05	2.4e-07	4.87457e-05	7.44571e-05
7	700	0.0452753	35.3647	9.224e-05	1.82286e-06	0	6.098e-05	2.4e-07	4.76743e-05	9.08343e-05
7	700	0.0470908	34.0866	9.65486e-05	1.89143e-06	0	6.31171e-05	2.4e-07	4.97571e-05	9.28943e-05
7	700	0.0424976	32.3017	9.84286e-05	1.93429e-06	0	6.41171e-05	2.4e-07	5.08171e-05	8.08257e-05
7	700	0.0462155	34.2105	9.12029e-05	1.71429e-06	0	6.00686e-05	2.4e-07	4.76057e-05	8.55029e-05
7	700	0.0450943	30.6931	9.56114e-05	1.81143e-06	0	6.26171e-05	2.4e-07	4.96029e-05	8.06943e-05
8	800	0.0514929	37.3532	0.000108863	1.78286e-06	0	7.02629e-05	2.48571e-07	5.54371e-05	0.000105834
8	800	0.0563791	42.6523	0.000111617	1.87714e-06	0	7.18229e-05	2.48571e-07	5.66171e-05	0.000139526
8	800	0.0515279	40.6528	0.000106889	1.77714e-06	0	6.89114e-05	2.45714e-07	5.46571e-05	0.000117851
8	800	0.0497067	36.407	0.000109323	1.77714e-06	0	7.11486e-05	2.45714e-07	5.57714e-05	9.91257e-05
8	800	0.0596087	44.2897	0.000111994	2.05143e-06	0	7.20029e-05	2.51429e-07	5.74571e-05	0.000155886
8	800	0.0515757	40.1198	0.000104074	1.70857e-06	0	6.75914e-05	2.48571e-07	5.32343e-05	0.000118183
8	800	0.0513659	38.2716	0.000114454	1.80857e-06	0	7.32971e-05	2.48571e-07	5.87086e-05	0.000118317
8	800	0.0552157	38.1762	0.000118057	2.11714e-06	0	7.53771e-05	2.42857e-07	5.97457e-05	0.000130757
8	800	0.0503048	36.5079	0.000111929	1.82e-06	0	7.18771e-05	2.37143e-07	5.66429e-05	9.794e-05
8	800	0.0525451	40.03	0.000109926	1.90571e-06	0	7.08914e-05	2.48571e-07	5.62457e-05	0.000135729
9	900	0.0617038	43.6796	0.000124737	2.28857e-06	0	7.95429e-05	2.31429e-07	6.332e-05	0.000171817
9	900	0.0645749	45.122	0.000125943	2.24571e-06	0	8.00029e-05	2.34286e-07	6.35743e-05	0.000179509
9	900	0.0618816	47.4606	0.000121183	2.09429e-06	0	7.77057e-05	2.31429e-07	6.14829e-05	0.000183531
9	900	0.0636588	41.9355	0.000128889	2.10857e-06	0	8.19457e-05	2.31429e-07	6.50057e-05	0.00016278
9	900	0.0621031	41.898	0.000121454	1.96857e-06	0	7.78257e-05	2.31429e-07	6.19257e-05	0.00016316
9	900	0.0667163	48.3945	0.000128949	2.08e-06	0	8.20343e-05	2.31429e-07	6.51143e-05	0.000192746
9	900	0.0649301	46.5875	0.000122006	2.12e-06	0	7.79714e-05	2.31429e-07	6.20657e-05	0.000191037
9	900	0.0616858	44.7174	0.000120757	2.07714e-06	0	7.72771e-05	2.31429e-07	6.19857e-05	0.000167489
9	900	0.0619741	44.6494	0.000120697	2.04e-06	0	7.71629e-05	2.31429e-07	6.12114e-05	0.000175237
9	900	0.0637557	44.5813	0.000125477	2.14e-06	0	8.01314e-05	2.31429e-07	6.38171e-05	0.000176911
10	1000	0.0713304	52.6515	0.000135314	2.15714e-06	0	8.53829e-05	2.28571e-07	6.83886e-05	0.000229029
10	1000	0.0778954	51.9	0.000136251	2.26857e-06	0	8.604e-05	2.31429e-07	6.862e-05	0.000269383
10	1000	0.0718601	52.8968	0.000134986	2.09143e-06	0	8.57514e-05	2.28571e-07	6.78429e-05	0.000239374
10	1000	0.0774708	53.6608	0.000140637	2.20571e-06	0	8.862e-05	2.34286e-07	7.07e-05	0.000268429
10	1000	0.0737625	52.2217	0.000130454	2.25143e-06	0	8.28257e-05	2.28571e-07	6.59143e-05	0.000240374
10	1000	0.0764955	50.6173	0.000142631	2.14571e-06	0	8.97e-05	2.31429e-07	7.13457e-05	0.000253074
10	1000	0.0700118	50.3229	0.000141314	2.28571e-06	0	8.86686e-05	2.28571e-07	7.11657e-05	0.000230903
10	1000	0.0698997	51.784	0.000129117	2.14571e-06	0	8.228e-05	2.28571e-07	6.52971e-05	0.00021542
10	1000	0.0702433	48.6653	0.000139789	2.12857e-06	0	8.78343e-05	2.28571e-07	7.05829e-05	0.000215374
10	1000	0.074549	51.3855	0.000129766	2.22571e-06	0	8.32829e-05	2.28571e-07	6.566e-05	0.000225026
11	1100	0.0824741	53.7426	0.000153294	2.40571e-06	0	9.58886e-05	2.51429e-07	7.638e-05	0.000268097
11	1100	0.0867512	52.627	0.00015484	2.62571e-06	0	9.71457e-05	2.45714e-07	7.73743e-05	0.000293537
11	1100	0.0796963	50.9585	0.000148029	2.46286e-06	0	9.34486e-05	2.51429e-07	7.45029e-05	0.00025944
11	1100	0.0835181	50.7168	0.000144574	2.48571e-06	0	9.12229e-05	2.42857e-07	7.26029e-05	0.000265957
11	1100	0.0822788	53.6061	0.000144691	2.32e-06	0	9.12286e-05	2.45714e-07	7.25486e-05	0.000288406
11	1100	0.0863602	55.1935	0.000155426	2.45429e-06	0	9.73886e-05	2.45714e-07	7.73886e-05	0.00029518
11	1100	0.0835188	53.8203	0.000146106	2.40286e-06	0	9.27e-05	2.4e-07	7.30714e-05	0.00028814
11	1100	0.0889662	56.4529	0.000144837	2.29429e-06	0	9.15629e-05	2.42857e-07	7.236e-05	0.000339494
11	1100	0.083451	52.8908	0.000154723	2.56e-06	0	9.70571e-05	2.48571e-07	7.73771e-05	0.000272869
11	1100	0.081673	52.1739	0.000145803	2.42571e-06	0	9.198e-05	2.45714e-07	7.29371e-05	0.000273063
12	1200	0.100476	59.432	0.000164503	2.81143e-06	0	0.000102171	2.4e-07	8.14486e-05	0.000402917
12	1200	0.0986913	58.9603	0.000160331	2.78e-06	0	0.000100523	2.4e-07	7.94971e-05	0.000370723
12	1200	0.0988701	56.7723	0.000168909	2.82286e-06	0	0.00010486	2.4e-07	8.378e-05	0.000387597
12	1200	0.0939701	56.912	0.000168137	2.67714e-06	0	0.000104057	2.4e-07	8.35543e-05	0.000362803
12	1200	0.0935607	57.2802	0.000154931	2.66571e-06	0	9.71971e-05	2.4e-07	7.71486e-05	0.000348029
12	1200	0.0964646	59.0863	0.000151989	2.63714e-06	0	9.582e-05	2.4e-07	7.59714e-05	0.000362686
12	1200	0.0978678	58.6635	0.000163006	2.73143e-06	0	0.00010148	2.4e-07	8.09686e-05	0.000368954
12	1200	0.0896717	55.1066	0.000161671	2.56857e-06	0	0.000100717	2.4e-07	8.03029e-05	0.000322146
12	1200	0.0975106	58.042	0.00015356	2.56e-06	0	9.65743e-05	2.4e-07	7.684e-05	0.000374574
12	1200	0.0965828	56.6631	0.000161806	2.66571e-06	0	0.000101094	2.4e-07	8.05257e-05	0.000337471
