N_THREADS	N_TRANSACTIONS	TIME	N_ABORTS	PROCESS_READ_TIME	PROCESS_WRITE_TIME	PROCESS_VALIDATION_TIME	PROCESS_OTHER_TIME	COMMIT_VALIDATION_TIME	COMMIT_OTHER_TIME	WASTED_TIME
1	1000	0.714755	0	3.08057e-05	8.33657e-05	0	0.00058608	2.51429e-07	1.12257e-05	1.13143e-06	0.82
1	1000	0.714694	0	3.08229e-05	8.33857e-05	0	0.000585983	2.51429e-07	1.12229e-05	1.13143e-06	0.80
1	1000	0.714788	0	3.08171e-05	8.33971e-05	0	0.000586069	2.51429e-07	1.12257e-05	1.13143e-06	0.80
1	1000	0.714789	0	3.08057e-05	8.34029e-05	0	0.000586074	2.51429e-07	1.12257e-05	1.13143e-06	0.80
1	1000	0.714769	0	3.08057e-05	8.33914e-05	0	0.000586069	2.51429e-07	1.12257e-05	1.13143e-06	0.80
1	1000	0.714788	0	3.08286e-05	8.34029e-05	0	0.000586051	2.51429e-07	1.12257e-05	1.13143e-06	0.80
1	1000	0.714787	0	3.08086e-05	8.33971e-05	0	0.000586077	2.51429e-07	1.12257e-05	1.13143e-06	0.81
1	1000	0.714799	0	3.08143e-05	8.34e-05	0	0.00058608	2.48571e-07	1.12286e-05	1.13143e-06	0.80
1	1000	0.71481	0	3.082e-05	8.34143e-05	0	0.000586074	2.51429e-07	1.12257e-05	1.13143e-06	0.80
1	1000	0.714783	0	3.08114e-05	8.33886e-05	0	0.00058608	2.51429e-07	1.12257e-05	1.13143e-06	0.80
2	2000	0.7272	3.19458	3.08514e-05	8.34686e-05	0	0.000586186	2.51429e-07	1.12229e-05	1.138e-05	0.83
2	2000	0.725773	2.77103	3.08571e-05	8.34657e-05	0	0.000586191	2.51429e-07	1.12229e-05	1.076e-05	0.81
2	2000	0.727226	3.00679	3.08543e-05	8.34743e-05	0	0.000586197	2.45714e-07	1.12286e-05	1.13914e-05	0.81
2	2000	0.725706	3.19458	3.08714e-05	8.34629e-05	0	0.000586197	2.51429e-07	1.12257e-05	1.14457e-05	0.81
2	2000	0.727203	3.10078	3.08486e-05	8.34657e-05	0	0.000586206	2.51429e-07	1.12229e-05	1.17286e-05	0.82
2	2000	0.727195	3.10078	3.08571e-05	8.34714e-05	0	0.000586186	2.51429e-07	1.12257e-05	1.17286e-05	0.81
2	2000	0.727226	3.4283	3.08457e-05	8.34657e-05	0	0.000586186	2.48571e-07	1.12314e-05	1.17714e-05	0.82
2	2000	0.725756	2.95973	3.08486e-05	8.34514e-05	0	0.000586191	2.48571e-07	1.12286e-05	1.11229e-05	0.81
2	2000	0.725793	3.00679	3.08571e-05	8.34571e-05	0	0.000586217	2.51429e-07	1.12257e-05	1.14629e-05	0.82
2	2000	0.725785	2.91262	3.08629e-05	8.34486e-05	0	0.00058622	2.48571e-07	1.12257e-05	1.07543e-05	0.83
3	3000	0.738392	6.39626	3.088e-05	8.35057e-05	0	0.00058622	2.48571e-07	1.12286e-05	2.224e-05	0.86
3	3000	0.739213	8.53659	3.08914e-05	8.35371e-05	0	0.000586249	2.48571e-07	1.12286e-05	2.20486e-05	0.83
3	3000	0.738129	5.18331	3.08886e-05	8.35257e-05	0	0.000586257	2.48571e-07	1.12286e-05	2.176e-05	0.85
3	3000	0.735232	5.30303	3.08971e-05	8.35143e-05	0	0.000586243	2.48571e-07	1.12286e-05	2.08257e-05	0.82
3	3000	0.737406	5.45225	3.08971e-05	8.35286e-05	0	0.000586226	2.48571e-07	1.12314e-05	2.26086e-05	0.82
3	3000	0.735854	5.21327	3.08886e-05	8.34971e-05	0	0.000586137	2.48571e-07	1.12257e-05	2.01286e-05	0.83
3	3000	0.741608	6.80336	3.08914e-05	8.35114e-05	0	0.000586183	2.48571e-07	1.12286e-05	2.20657e-05	0.83
3	3000	0.741458	5.83804	3.08857e-05	8.35029e-05	0	0.000586169	2.48571e-07	1.12286e-05	2.33771e-05	0.84
3	3000	0.737321	6.10329	3.08914e-05	8.34914e-05	0	0.000586129	2.48571e-07	1.12257e-05	2.14086e-05	0.83
3	3000	0.738281	6.33781	3.08971e-05	8.35314e-05	0	0.000586217	2.48571e-07	1.12286e-05	2.25086e-05	0.83
4	4000	0.757238	10.1931	3.09171e-05	8.36e-05	0	0.0005863	2.48571e-07	1.12257e-05	3.6e-05	0.87
4	4000	0.751281	9.58409	3.09257e-05	8.35857e-05	0	0.000586277	2.48571e-07	1.12314e-05	3.27e-05	0.85
4	4000	0.749561	9.31762	3.09286e-05	8.36057e-05	0	0.000586309	2.48571e-07	1.12257e-05	3.152e-05	0.84
4	4000	0.751982	10.3541	3.09171e-05	8.35971e-05	0	0.000586306	2.48571e-07	1.12257e-05	3.54886e-05	0.85
4	4000	0.749912	8.38296	3.09314e-05	8.35914e-05	0	0.000586231	2.48571e-07	1.12286e-05	3.03657e-05	0.84
4	4000	0.754286	10.9131	3.094e-05	8.36143e-05	0	0.00058634	2.48571e-07	1.12286e-05	3.43829e-05	0.85
4	4000	0.753008	10.5346	3.09314e-05	8.36057e-05	0	0.000586346	2.51429e-07	1.12257e-05	3.57057e-05	0.85
4	4000	0.753039	10.6744	3.09429e-05	8.36057e-05	0	0.000586243	2.45714e-07	1.12286e-05	3.61457e-05	0.85
4	4000	0.749201	10.0315	3.09343e-05	8.35886e-05	0	0.000586349	2.45714e-07	1.12314e-05	3.32714e-05	0.84
4	4000	0.753273	10.2334	3.09371e-05	8.36257e-05	0	0.000586354	2.51429e-07	1.12314e-05	3.41857e-05	0.85
5	5000	0.764848	12.2037	3.09743e-05	8.36657e-05	0	0.000586323	2.42857e-07	1.12343e-05	4.258e-05	0.88
5	5000	0.767471	12.0183	3.09857e-05	8.36914e-05	0	0.000586394	2.42857e-07	1.12343e-05	4.49343e-05	0.86
5	5000	0.758897	12.3115	3.09629e-05	8.36686e-05	0	0.000586351	2.42857e-07	1.12314e-05	4.05286e-05	0.84
5	5000	0.765041	13.119	3.09714e-05	8.368e-05	0	0.000586266	2.42857e-07	1.12314e-05	4.38257e-05	0.85
5	5000	0.759536	12.9526	3.09714e-05	8.36571e-05	0	0.00058638	2.42857e-07	1.12343e-05	4.074e-05	0.85
5	5000	0.75975	10.5866	3.09743e-05	8.36657e-05	0	0.000586337	2.42857e-07	1.12286e-05	3.97343e-05	0.86
5	5000	0.7601	12.6943	3.09714e-05	8.36743e-05	0	0.000586329	2.42857e-07	1.12343e-05	4.15086e-05	0.84
5	5000	0.764243	12.7856	3.09743e-05	8.36429e-05	0	0.000586337	2.42857e-07	1.12286e-05	4.34743e-05	0.86
5	5000	0.760413	12.5262	3.09629e-05	8.366e-05	0	0.000586334	2.42857e-07	1.12371e-05	4.41114e-05	0.85
5	5000	0.760233	12.5721	3.09743e-05	8.366e-05	0	0.000586329	2.42857e-07	1.12371e-05	4.18343e-05	0.85
6	6000	0.77492	15.0983	3.09943e-05	8.37486e-05	0	0.00058644	2.4e-07	1.12371e-05	5.10029e-05	0.89
6	6000	0.772139	14.4934	3.10143e-05	8.37514e-05	0	0.000586417	2.4e-07	1.124e-05	5.34286e-05	0.86
6	6000	0.775501	14.7606	3.10086e-05	8.37571e-05	0	0.000586391	2.4e-07	1.124e-05	5.40314e-05	0.87
6	6000	0.768258	14.3713	3.1e-05	8.37486e-05	0	0.000586369	2.4e-07	1.12371e-05	5.13686e-05	0.86
6	6000	0.770105	15.754	3.10057e-05	8.37457e-05	0	0.000586471	2.4e-07	1.124e-05	5.00143e-05	0.87
6	6000	0.771248	15.1464	3.102e-05	8.37457e-05	0	0.000586409	2.4e-07	1.124e-05	5.34371e-05	0.87
6	6000	0.770363	15.4334	3.09971e-05	8.37457e-05	0	0.000586403	2.4e-07	1.12343e-05	5.10857e-05	0.86
6	6000	0.773239	15.7303	3.10086e-05	8.37229e-05	0	0.000586377	2.4e-07	1.12314e-05	5.43771e-05	0.87
6	6000	0.776819	15.7895	3.10143e-05	8.37457e-05	0	0.000586369	2.4e-07	1.12343e-05	5.25486e-05	0.87
6	6000	0.770392	14.3591	3.10057e-05	8.37571e-05	0	0.000586431	2.4e-07	1.12371e-05	5.13086e-05	0.86
7	7000	0.781757	17.3163	3.10629e-05	8.38486e-05	0	0.000586514	2.4e-07	1.124e-05	6.34371e-05	0.90
7	7000	0.791286	17.7921	3.10629e-05	8.38371e-05	0	0.000586357	2.4e-07	1.124e-05	6.38171e-05	0.88
7	7000	0.782787	16.4279	3.106e-05	8.38257e-05	0	0.000586486	2.4e-07	1.124e-05	6.40457e-05	0.88
7	7000	0.780774	17.0026	3.10571e-05	8.38057e-05	0	0.000586369	2.4e-07	1.124e-05	6.19171e-05	0.88
7	7000	0.78079	16.278	3.10657e-05	8.38229e-05	0	0.000586446	2.4e-07	1.124e-05	5.946e-05	0.88
7	7000	0.780542	17.0321	3.10629e-05	8.38429e-05	0	0.000586463	2.4e-07	1.124e-05	6.106e-05	0.87
7	7000	0.783377	16.6468	3.10457e-05	8.38257e-05	0	0.000586363	2.4e-07	1.124e-05	6.03371e-05	0.88
7	7000	0.78542	17.3359	3.10514e-05	8.38371e-05	0	0.000586491	2.4e-07	1.124e-05	6.462e-05	0.88
7	7000	0.786477	16.8844	3.10457e-05	8.38286e-05	0	0.000586529	2.4e-07	1.124e-05	6.27343e-05	0.88
7	7000	0.783886	16.1174	3.10714e-05	8.38343e-05	0	0.000586526	2.4e-07	1.124e-05	6.08771e-05	0.87
8	8000	0.799749	19.7995	3.11029e-05	8.39057e-05	0	0.000586603	2.48571e-07	1.12286e-05	7.44686e-05	0.92
8	8000	0.799935	19.3223	3.11e-05	8.39029e-05	0	0.000586531	2.51429e-07	1.12229e-05	7.41457e-05	0.90
8	8000	0.800097	19.4279	3.10857e-05	8.38943e-05	0	0.00058652	2.42857e-07	1.12314e-05	7.42971e-05	0.89
8	8000	0.797911	18.6909	3.11e-05	8.39171e-05	0	0.000586646	2.45714e-07	1.12314e-05	7.474e-05	0.90
8	8000	0.795554	18.6496	3.10971e-05	8.38914e-05	0	0.000586503	2.42857e-07	1.12314e-05	7.51171e-05	0.90
8	8000	0.797495	18.9134	3.10943e-05	8.38914e-05	0	0.000586551	2.45714e-07	1.12286e-05	7.23429e-05	0.89
8	8000	0.793448	19.0529	3.11086e-05	8.39343e-05	0	0.000586646	2.51429e-07	1.12257e-05	7.14029e-05	0.88
8	8000	0.799031	19.7512	3.112e-05	8.39371e-05	0	0.000586551	2.51429e-07	1.12229e-05	7.55171e-05	0.89
8	8000	0.796965	20.9564	3.11029e-05	8.39114e-05	0	0.000586577	2.48571e-07	1.12257e-05	7.41571e-05	0.89
8	8000	0.80105	19.5171	3.11e-05	8.39229e-05	0	0.000586534	2.45714e-07	1.12286e-05	7.40714e-05	0.89
9	9000	0.808574	21.875	3.11486e-05	8.40229e-05	0	0.000586754	2.31429e-07	1.12514e-05	8.61629e-05	0.92
9	9000	0.810819	21.8818	3.11486e-05	8.40286e-05	0	0.000586731	2.31429e-07	1.12571e-05	8.44914e-05	0.90
9	9000	0.806077	22.0442	3.11343e-05	8.4e-05	0	0.000586657	2.31429e-07	1.12486e-05	8.36171e-05	0.90
9	9000	0.816526	22.0509	3.11514e-05	8.4e-05	0	0.000586734	2.31429e-07	1.12543e-05	8.49257e-05	0.91
9	9000	0.808255	21.3974	3.11629e-05	8.40257e-05	0	0.000586754	2.31429e-07	1.12514e-05	8.18657e-05	0.92
9	9000	0.809471	21.8682	3.11429e-05	8.40143e-05	0	0.000586717	2.31429e-07	1.126e-05	8.484e-05	0.91
9	9000	0.803383	21.6096	3.11571e-05	8.40029e-05	0	0.000586674	2.31429e-07	1.12457e-05	8.15343e-05	0.90
9	9000	0.805077	22.2664	3.11543e-05	8.40086e-05	0	0.00058674	2.31429e-07	1.12514e-05	8.49514e-05	0.90
9	9000	0.80966	21.5413	3.11514e-05	8.402e-05	0	0.000586731	2.31429e-07	1.12571e-05	8.58143e-05	0.92
9	9000	0.810135	21.3974	3.11543e-05	8.402e-05	0	0.000586774	2.31429e-07	1.12571e-05	8.564e-05	0.91
10	10000	0.820261	24.6136	3.12057e-05	8.41257e-05	0	0.000586989	2.28571e-07	1.12571e-05	9.68429e-05	0.94
10	10000	0.824038	24.6761	3.12029e-05	8.40971e-05	0	0.000587043	2.28571e-07	1.12571e-05	9.68657e-05	0.92
10	10000	0.818192	24.2022	3.12086e-05	8.41171e-05	0	0.000586906	2.28571e-07	1.12571e-05	9.51943e-05	0.92
10	10000	0.822894	24.5511	3.12086e-05	8.41429e-05	0	0.000587037	2.28571e-07	1.12571e-05	9.66657e-05	0.91
10	10000	0.823212	24.2711	3.12029e-05	8.41314e-05	0	0.000586957	2.28571e-07	1.12571e-05	9.63486e-05	0.92
10	10000	0.822326	23.9428	3.12086e-05	8.41429e-05	0	0.000586983	2.28571e-07	1.12571e-05	9.75514e-05	0.92
10	10000	0.823986	24.2309	3.12086e-05	8.41343e-05	0	0.000587017	2.28571e-07	1.126e-05	9.628e-05	0.92
10	10000	0.821403	23.5006	3.11943e-05	8.41457e-05	0	0.000587034	2.28571e-07	1.126e-05	9.44971e-05	0.92
10	10000	0.813525	23.8269	3.12029e-05	8.41057e-05	0	0.000587026	2.28571e-07	1.12571e-05	9.17143e-05	0.91
10	10000	0.818555	23.9602	3.11914e-05	8.41143e-05	0	0.000587006	2.28571e-07	1.12571e-05	9.32771e-05	0.92
11	11000	0.83051	25.6506	3.12543e-05	8.42486e-05	0	0.000587483	2.48571e-07	1.12543e-05	0.000106306	0.94
11	11000	0.833351	26.4116	3.12714e-05	8.42514e-05	0	0.000587463	2.51429e-07	1.12514e-05	0.000106909	0.93
11	11000	0.842523	25.0017	3.12714e-05	8.42829e-05	0	0.000587491	2.51429e-07	1.12514e-05	0.000103406	0.94
11	11000	0.830142	24.5542	3.126e-05	8.42457e-05	0	0.000587449	2.48571e-07	1.12543e-05	0.000103757	0.93
11	11000	0.834942	26.6031	3.12543e-05	8.42514e-05	0	0.000587383	2.51429e-07	1.12514e-05	0.000105343	0.93
11	11000	0.830683	26.2636	3.12743e-05	8.42771e-05	0	0.000587414	2.42857e-07	1.126e-05	0.000105217	0.93
11	11000	0.82894	25.6757	3.12657e-05	8.426e-05	0	0.000587431	2.48571e-07	1.12543e-05	0.000104434	0.93
11	11000	0.828001	25.4995	3.12686e-05	8.42457e-05	0	0.000587437	2.51429e-07	1.12514e-05	0.000104529	0.92
11	11000	0.834634	25.4894	3.12657e-05	8.42543e-05	0	0.000587486	2.51429e-07	1.12514e-05	0.000105003	0.93
11	11000	0.830864	24.7709	3.12657e-05	8.42686e-05	0	0.000587337	2.51429e-07	1.12514e-05	0.000103017	0.93
12	12000	0.904301	28.9899	3.32457e-05	8.97143e-05	0	0.000630866	2.4e-07	1.21029e-05	0.000123011	1.02
12	12000	0.908513	27.9323	3.32829e-05	8.982e-05	0	0.000631494	2.4e-07	1.21114e-05	0.000126957	1.03
12	12000	0.917013	29.0193	3.32714e-05	8.97943e-05	0	0.000631311	2.4e-07	1.212e-05	0.000129454	1.04
12	12000	0.90959	28.5629	3.32543e-05	8.97714e-05	0	0.000631103	2.4e-07	1.21086e-05	0.000128789	1.03
12	12000	0.913087	27.5887	3.32543e-05	8.97457e-05	0	0.000630943	2.4e-07	1.21057e-05	0.000127774	1.03
12	12000	0.909192	28.3111	3.32686e-05	8.98114e-05	0	0.000631449	2.4e-07	1.21086e-05	0.000131023	1.02
12	12000	0.904882	29.3036	3.32857e-05	8.98143e-05	0	0.000631609	2.4e-07	1.21171e-05	0.000129806	1.02
12	12000	0.906166	28.5969	3.32686e-05	8.98e-05	0	0.000631291	2.4e-07	1.21114e-05	0.000129369	1.03
12	12000	0.908676	29.2077	3.324e-05	8.97286e-05	0	0.00063088	2.4e-07	1.21057e-05	0.000125257	1.02
12	12000	0.905539	28.8467	3.32514e-05	8.978e-05	0	0.000631151	2.4e-07	1.21086e-05	0.000125943	1.03
