N_THREADS	N_TRANSACTIONS	TIME	N_ABORTS	PROCESS_READ_TIME	PROCESS_WRITE_TIME	PROCESS_VALIDATION_TIME	PROCESS_OTHER_TIME	COMMIT_VALIDATION_TIME	COMMIT_OTHER_TIME	WASTED_TIME
1	1000	0.185076	0	1.31286e-05	2.77229e-05	0	2.02629e-05	2.51429e-07	9.72e-06	2.35143e-06	0.27
1	1000	0.185072	0	1.31514e-05	2.77e-05	0	2.02771e-05	2.51429e-07	9.70571e-06	2.36e-06	0.25
1	1000	0.185054	0	1.314e-05	2.76971e-05	0	2.02771e-05	2.51429e-07	9.69714e-06	2.35714e-06	0.25
1	1000	0.185053	0	1.314e-05	2.76857e-05	0	2.028e-05	2.51429e-07	9.71143e-06	2.36e-06	0.25
1	1000	0.185054	0	1.31429e-05	2.76971e-05	0	2.02714e-05	2.51429e-07	9.71143e-06	2.35429e-06	0.25
1	1000	0.185055	0	1.31371e-05	2.76943e-05	0	2.02686e-05	2.51429e-07	9.72286e-06	2.36e-06	0.25
1	1000	0.18508	0	1.31457e-05	2.77086e-05	0	2.02771e-05	2.51429e-07	9.71143e-06	2.36e-06	0.25
1	1000	0.185049	0	1.31429e-05	2.77029e-05	0	2.02714e-05	2.48571e-07	9.70286e-06	2.36e-06	0.25
1	1000	0.185042	0	1.314e-05	2.76857e-05	0	2.02714e-05	2.51429e-07	9.7e-06	2.36e-06	0.25
1	1000	0.18505	0	1.314e-05	2.77e-05	0	2.02771e-05	2.51429e-07	9.70857e-06	2.35714e-06	0.25
2	2000	0.186157	0.249377	1.326e-05	2.792e-05	0	2.04457e-05	2.51429e-07	9.80571e-06	2.48571e-06	0.27
2	2000	0.186701	0.199601	1.336e-05	2.81457e-05	0	2.05857e-05	2.48571e-07	9.89143e-06	2.48e-06	0.25
2	2000	0.18633	0.398406	1.33057e-05	2.80029e-05	0	2.05e-05	2.48571e-07	9.80571e-06	2.50571e-06	0.25
2	2000	0.186572	0.497512	1.33143e-05	2.80143e-05	0	2.05286e-05	2.51429e-07	9.84857e-06	2.60286e-06	0.25
2	2000	0.18618	0.249377	1.32686e-05	2.792e-05	0	2.04657e-05	2.51429e-07	9.80571e-06	2.48857e-06	0.25
2	2000	0.186703	0.299103	1.336e-05	2.81457e-05	0	2.05914e-05	2.51429e-07	9.85143e-06	2.5e-06	0.25
2	2000	0.186221	0.299103	1.326e-05	2.79286e-05	0	2.04686e-05	2.51429e-07	9.81714e-06	2.49714e-06	0.25
2	2000	0.186576	0.348779	1.33171e-05	2.806e-05	0	2.05514e-05	2.48571e-07	9.86571e-06	2.52571e-06	0.25
2	2000	0.186758	0.447984	1.33429e-05	2.81114e-05	0	2.05657e-05	2.51429e-07	9.84857e-06	2.56286e-06	0.25
2	2000	0.186114	0.249377	1.32486e-05	2.79e-05	0	2.04457e-05	2.51429e-07	9.80857e-06	2.47429e-06	0.25
3	3000	0.189389	1.7038	1.37257e-05	2.88971e-05	0	2.10943e-05	2.48571e-07	1.01486e-05	2.9e-06	0.27
3	3000	0.189091	1.76817	1.36686e-05	2.87743e-05	0	2.10257e-05	2.48571e-07	1.00943e-05	2.89143e-06	0.25
3	3000	0.189907	1.76817	1.37486e-05	2.89314e-05	0	2.11229e-05	2.48571e-07	1.01343e-05	3.05429e-06	0.25
3	3000	0.189311	1.63934	1.36886e-05	2.88286e-05	0	2.10429e-05	2.48571e-07	1.00857e-05	3.02857e-06	0.25
3	3000	0.189908	1.5748	1.37686e-05	2.89771e-05	0	2.11343e-05	2.48571e-07	1.01314e-05	3.04857e-06	0.25
3	3000	0.190336	1.80033	1.38229e-05	2.91257e-05	0	2.12229e-05	2.48571e-07	1.01857e-05	3.11429e-06	0.25
3	3000	0.190028	1.99281	1.37314e-05	2.89114e-05	0	2.11086e-05	2.48571e-07	1.01486e-05	3.11429e-06	0.25
3	3000	0.189738	2.15264	1.36971e-05	2.88657e-05	0	2.10829e-05	2.48571e-07	1.01171e-05	3.13143e-06	0.25
3	3000	0.190482	1.63934	1.38371e-05	2.91771e-05	0	2.12514e-05	2.48571e-07	1.01943e-05	3.06857e-06	0.25
3	3000	0.189879	1.47783	1.378e-05	2.90371e-05	0	2.11657e-05	2.48571e-07	1.01657e-05	3.06857e-06	0.25
4	4000	0.194928	3.19458	1.44257e-05	3.04371e-05	0	2.20914e-05	2.51429e-07	1.06086e-05	3.76e-06	0.28
4	4000	0.194737	2.62902	1.44029e-05	3.04171e-05	0	2.20629e-05	2.51429e-07	1.056e-05	3.73429e-06	0.26
4	4000	0.196076	3.26481	1.45314e-05	3.06857e-05	0	2.222e-05	2.51429e-07	1.064e-05	4.13714e-06	0.26
4	4000	0.195381	3.0303	1.45e-05	3.05943e-05	0	2.21714e-05	2.51429e-07	1.06057e-05	3.88286e-06	0.26
4	4000	0.194013	2.6764	1.43171e-05	3.01457e-05	0	2.19257e-05	2.48571e-07	1.05057e-05	3.79714e-06	0.26
4	4000	0.194377	2.60531	1.44314e-05	3.04086e-05	0	2.20829e-05	2.51429e-07	1.05886e-05	3.58857e-06	0.26
4	4000	0.195252	3.40497	1.44229e-05	3.04171e-05	0	2.20657e-05	2.51429e-07	1.05714e-05	4.18571e-06	0.26
4	4000	0.194377	2.81827	1.44057e-05	3.04143e-05	0	2.20686e-05	2.48571e-07	1.056e-05	3.71714e-06	0.26
4	4000	0.19357	2.36759	1.43171e-05	3.01714e-05	0	2.19429e-05	2.51429e-07	1.05114e-05	3.44857e-06	0.26
4	4000	0.194647	2.72374	1.44286e-05	3.04429e-05	0	2.20971e-05	2.48571e-07	1.05943e-05	3.76286e-06	0.26
5	5000	0.199949	4.34284	1.51829e-05	3.20686e-05	0	2.314e-05	2.42857e-07	1.10743e-05	4.53143e-06	0.29
5	5000	0.199602	3.93852	1.51571e-05	3.19543e-05	0	2.31229e-05	2.42857e-07	1.10943e-05	4.20571e-06	0.26
5	5000	0.199961	4.92489	1.50971e-05	3.18657e-05	0	2.30429e-05	2.42857e-07	1.10714e-05	4.71143e-06	0.26
5	5000	0.201257	4.19621	1.542e-05	3.26514e-05	0	2.34514e-05	2.42857e-07	1.12114e-05	4.43714e-06	0.26
5	5000	0.200825	4.7619	1.522e-05	3.21457e-05	0	2.31914e-05	2.42857e-07	1.11171e-05	4.78857e-06	0.26
5	5000	0.20108	5.1953	1.52171e-05	3.21257e-05	0	2.31857e-05	2.42857e-07	1.11086e-05	4.82571e-06	0.26
5	5000	0.200064	4.41598	1.52257e-05	3.21229e-05	0	2.31886e-05	2.42857e-07	1.11171e-05	4.41143e-06	0.26
5	5000	0.20142	4.48902	1.52857e-05	3.23086e-05	0	2.32857e-05	2.42857e-07	1.11429e-05	4.73429e-06	0.26
5	5000	0.200954	4.30622	1.52714e-05	3.22343e-05	0	2.32486e-05	2.42857e-07	1.11429e-05	4.68571e-06	0.26
5	5000	0.20151	5.39262	1.53314e-05	3.234e-05	0	2.33114e-05	2.42857e-07	1.11571e-05	5.15143e-06	0.26
6	6000	0.21049	5.69003	1.67114e-05	3.52857e-05	0	2.514e-05	2.4e-07	1.20343e-05	5.66286e-06	0.28
6	6000	0.209386	5.80848	1.65971e-05	3.50743e-05	0	2.49943e-05	2.4e-07	1.19743e-05	5.6e-06	0.27
6	6000	0.209773	6.87568	1.65229e-05	3.49029e-05	0	2.49457e-05	2.4e-07	1.19371e-05	6.09714e-06	0.27
6	6000	0.210023	6.25	1.65657e-05	3.49771e-05	0	2.49771e-05	2.4e-07	1.19743e-05	5.98857e-06	0.27
6	6000	0.210561	6.62932	1.67029e-05	3.53057e-05	0	2.51343e-05	2.4e-07	1.202e-05	6.32857e-06	0.27
6	6000	0.209667	5.40754	1.65543e-05	3.49657e-05	0	2.49514e-05	2.4e-07	1.19286e-05	5.38e-06	0.27
6	6000	0.209326	5.69003	1.65743e-05	3.50371e-05	0	2.49714e-05	2.4e-07	1.19743e-05	5.45143e-06	0.27
6	6000	0.210785	6.20603	1.66286e-05	3.51657e-05	0	2.50686e-05	2.4e-07	1.202e-05	5.79429e-06	0.27
6	6000	0.209778	5.49693	1.65714e-05	3.50371e-05	0	2.50086e-05	2.4e-07	1.20114e-05	5.47714e-06	0.27
6	6000	0.209527	5.39262	1.65514e-05	3.50029e-05	0	2.49829e-05	2.4e-07	1.194e-05	5.62e-06	0.27
7	7000	0.221711	8.06409	1.82857e-05	3.86286e-05	0	2.72229e-05	2.4e-07	1.30486e-05	7.86857e-06	0.30
7	7000	0.221165	6.97674	1.83543e-05	3.88114e-05	0	2.73314e-05	2.4e-07	1.31286e-05	6.72e-06	0.29
7	7000	0.223208	8.61619	1.85543e-05	3.92286e-05	0	2.754e-05	2.4e-07	1.31857e-05	7.62e-06	0.28
7	7000	0.222761	8.13648	1.846e-05	3.90314e-05	0	2.74743e-05	2.4e-07	1.31657e-05	7.55429e-06	0.28
7	7000	0.223182	8.08824	1.86057e-05	3.938e-05	0	2.76229e-05	2.4e-07	1.32229e-05	7.21714e-06	0.28
7	7000	0.221826	7.23562	1.84514e-05	3.90686e-05	0	2.74314e-05	2.4e-07	1.30943e-05	7.00286e-06	0.29
7	7000	0.223973	9.24413	1.87e-05	3.96e-05	0	2.77086e-05	2.4e-07	1.328e-05	7.72857e-06	0.28
7	7000	0.221407	7.44414	1.84743e-05	3.90771e-05	0	2.74314e-05	2.4e-07	1.31286e-05	6.88e-06	0.28
7	7000	0.222989	8.40094	1.85543e-05	3.92343e-05	0	2.75543e-05	2.4e-07	1.32029e-05	7.78286e-06	0.28
7	7000	0.222475	8.36497	1.81943e-05	3.844e-05	0	2.70971e-05	2.4e-07	1.302e-05	7.60571e-06	0.29
8	8000	0.237929	8.69664	2.09771e-05	4.44086e-05	0	3.06657e-05	2.51429e-07	1.46857e-05	8.45143e-06	0.33
8	8000	0.237026	8.58188	2.08743e-05	4.41371e-05	0	3.05857e-05	2.51429e-07	1.46657e-05	8.54857e-06	0.30
8	8000	0.239164	9.39977	2.09543e-05	4.42886e-05	0	3.06371e-05	2.51429e-07	1.472e-05	9.06857e-06	0.30
8	8000	0.238404	9.75747	2.09943e-05	4.43886e-05	0	3.06857e-05	2.51429e-07	1.46971e-05	9.4e-06	0.30
8	8000	0.238324	9.4408	2.10543e-05	4.45686e-05	0	3.07714e-05	2.51429e-07	1.47486e-05	9.02571e-06	0.30
8	8000	0.238426	9.96061	2.084e-05	4.40086e-05	0	3.05143e-05	2.51429e-07	1.46514e-05	9.88e-06	0.30
8	8000	0.238931	9.50226	2.10171e-05	4.44886e-05	0	3.07286e-05	2.51429e-07	1.47371e-05	9.22571e-06	0.30
8	8000	0.238218	9.1941	2.09457e-05	4.42771e-05	0	3.062e-05	2.51429e-07	1.47114e-05	9.04857e-06	0.30
8	8000	0.238159	10.0112	2.09114e-05	4.42143e-05	0	3.05971e-05	2.51429e-07	1.47057e-05	9.46286e-06	0.31
8	8000	0.237637	9.17348	2.08857e-05	4.40771e-05	0	3.05371e-05	2.48571e-07	1.464e-05	8.85714e-06	0.30
9	9000	0.261203	11.33	2.44171e-05	5.18086e-05	0	3.51143e-05	2.31429e-07	1.696e-05	1.21057e-05	0.34
9	9000	0.262351	12.4343	2.44771e-05	5.18371e-05	0	3.51743e-05	2.31429e-07	1.69657e-05	1.30086e-05	0.32
9	9000	0.260487	11.7041	2.42571e-05	5.13171e-05	0	3.49029e-05	2.31429e-07	1.682e-05	1.19829e-05	0.32
9	9000	0.260984	11.1988	2.44143e-05	5.17371e-05	0	3.50886e-05	2.31429e-07	1.69371e-05	1.20429e-05	0.32
9	9000	0.260656	12.1008	2.42686e-05	5.13343e-05	0	3.48886e-05	2.31429e-07	1.68743e-05	1.25371e-05	0.32
9	9000	0.260914	11.6174	2.44029e-05	5.16857e-05	0	3.50743e-05	2.31429e-07	1.68543e-05	1.22143e-05	0.32
9	9000	0.262131	12.2123	2.44029e-05	5.17029e-05	0	3.50771e-05	2.31429e-07	1.69e-05	1.288e-05	0.33
9	9000	0.262079	11.8856	2.44429e-05	5.17571e-05	0	3.50971e-05	2.31429e-07	1.69086e-05	1.26286e-05	0.32
9	9000	0.260872	11.8079	2.44086e-05	5.166e-05	0	3.50914e-05	2.31429e-07	1.69029e-05	1.21971e-05	0.32
9	9000	0.262299	11.8511	2.44629e-05	5.19029e-05	0	3.51571e-05	2.31429e-07	1.694e-05	1.22857e-05	0.32
10	10000	0.288372	13.6442	2.83943e-05	6.02686e-05	0	4.02086e-05	2.28571e-07	1.94971e-05	1.588e-05	0.39
10	10000	0.286606	13.4873	2.83943e-05	6.024e-05	0	4.01971e-05	2.28571e-07	1.94686e-05	1.52686e-05	0.35
10	10000	0.289206	14.2808	2.83943e-05	6.02314e-05	0	4.02143e-05	2.28571e-07	1.95114e-05	1.65086e-05	0.36
10	10000	0.288528	13.5173	2.83657e-05	6.016e-05	0	4.01743e-05	2.28571e-07	1.93943e-05	1.646e-05	0.35
10	10000	0.28953	14.0303	2.83514e-05	6.01629e-05	0	4.01629e-05	2.28571e-07	1.94429e-05	1.65086e-05	0.36
10	10000	0.288107	13.9933	2.838e-05	6.02e-05	0	4.018e-05	2.28571e-07	1.94486e-05	1.59229e-05	0.35
10	10000	0.288593	14.3762	2.84229e-05	6.04229e-05	0	4.028e-05	2.28571e-07	1.94429e-05	1.664e-05	0.35
10	10000	0.288524	14.4861	2.84257e-05	6.03143e-05	0	4.02771e-05	2.28571e-07	1.94657e-05	1.63829e-05	0.35
10	10000	0.289175	14.7994	2.85971e-05	6.07743e-05	0	4.04229e-05	2.28571e-07	1.95229e-05	1.67771e-05	0.35
10	10000	0.289763	15.132	2.84229e-05	6.03171e-05	0	4.02457e-05	2.28571e-07	1.94943e-05	1.736e-05	0.35
11	11000	0.3188	17.0375	3.28371e-05	6.97857e-05	0	4.59114e-05	2.51429e-07	2.23371e-05	2.15629e-05	0.40
11	11000	0.320261	16.8933	3.28429e-05	6.98343e-05	0	4.59457e-05	2.51429e-07	2.23714e-05	2.17571e-05	0.39
11	11000	0.318006	16.1202	3.28429e-05	6.98314e-05	0	4.59314e-05	2.51429e-07	2.22514e-05	2.08971e-05	0.38
11	11000	0.318161	16.4895	3.28e-05	6.96571e-05	0	4.58714e-05	2.51429e-07	2.23543e-05	2.104e-05	0.39
11	11000	0.318842	16.101	3.28029e-05	6.97171e-05	0	4.586e-05	2.51429e-07	2.22514e-05	2.142e-05	0.39
11	11000	0.32117	17.1063	3.28486e-05	6.97629e-05	0	4.594e-05	2.51429e-07	2.23629e-05	2.23029e-05	0.39
11	11000	0.317975	16.7234	3.27914e-05	6.96171e-05	0	4.59e-05	2.51429e-07	2.23771e-05	2.14029e-05	0.38
11	11000	0.317355	16.5275	3.282e-05	6.97171e-05	0	4.58971e-05	2.51429e-07	2.23829e-05	2.07257e-05	0.39
11	11000	0.317154	16.1074	3.28429e-05	6.98171e-05	0	4.59314e-05	2.51429e-07	2.23571e-05	2.07029e-05	0.38
11	11000	0.318149	16.0562	3.28314e-05	6.98e-05	0	4.59257e-05	2.51429e-07	2.23543e-05	2.104e-05	0.39
12	12000	0.353109	19.77	3.75857e-05	7.99886e-05	0	5.19971e-05	2.4e-07	2.53429e-05	2.88e-05	0.43
12	12000	0.352526	19.7593	3.75971e-05	8.00114e-05	0	5.19829e-05	2.4e-07	2.53114e-05	2.80429e-05	0.42
12	12000	0.352783	19.6303	3.75171e-05	7.98143e-05	0	5.18886e-05	2.4e-07	2.52171e-05	2.78943e-05	0.42
12	12000	0.349965	18.8092	3.75029e-05	7.97771e-05	0	5.18486e-05	2.4e-07	2.52886e-05	2.66943e-05	0.42
12	12000	0.350519	17.9599	3.75286e-05	7.98429e-05	0	5.18657e-05	2.4e-07	2.52571e-05	2.64886e-05	0.42
12	12000	0.349262	18.8696	3.74943e-05	7.98514e-05	0	5.18543e-05	2.4e-07	2.52771e-05	2.63857e-05	0.42
12	12000	0.351165	18.9134	3.75e-05	7.978e-05	0	5.188e-05	2.4e-07	2.52514e-05	2.72829e-05	0.42
12	12000	0.349073	18.1446	3.74829e-05	7.98171e-05	0	5.18371e-05	2.4e-07	2.52029e-05	2.58629e-05	0.42
12	12000	0.352185	19.711	3.75943e-05	7.99286e-05	0	5.20229e-05	2.4e-07	2.54314e-05	2.85629e-05	0.42
12	12000	0.351433	18.5225	3.75514e-05	7.99171e-05	0	5.19229e-05	2.4e-07	2.52657e-05	2.72286e-05	0.42
