N_THREADS	N_TRANSACTIONS	TIME	N_ABORTS	PROCESS_READ_TIME	PROCESS_WRITE_TIME	PROCESS_VALIDATION_TIME	PROCESS_OTHER_TIME	COMMIT_VALIDATION_TIME	COMMIT_OTHER_TIME	WASTED_TIME
1	1000	0.197296	0	1.31114e-05	2.46686e-05	0	2.03429e-05	2.51429e-07	1.35743e-05	2.44286e-06
1	1000	0.197306	0	1.31171e-05	2.46771e-05	0	2.03486e-05	2.48571e-07	1.35714e-05	2.44857e-06
1	1000	0.197319	0	1.31229e-05	2.46714e-05	0	2.03457e-05	2.48571e-07	1.35829e-05	2.44286e-06
1	1000	0.197269	0	1.31086e-05	2.46657e-05	0	2.03343e-05	2.48571e-07	1.35657e-05	2.45143e-06
1	1000	0.197309	0	1.31171e-05	2.468e-05	0	2.034e-05	2.51429e-07	1.35771e-05	2.44571e-06
1	1000	0.197299	0	1.31257e-05	2.46714e-05	0	2.03429e-05	2.48571e-07	1.35686e-05	2.44286e-06
1	1000	0.197294	0	1.31143e-05	2.46714e-05	0	2.03429e-05	2.51429e-07	1.35686e-05	2.44571e-06
1	1000	0.197311	0	1.31171e-05	2.46714e-05	0	2.03371e-05	2.48571e-07	1.35857e-05	2.44857e-06
1	1000	0.197293	0	1.31114e-05	2.46686e-05	0	2.03429e-05	2.51429e-07	1.358e-05	2.44857e-06
1	1000	0.197298	0	1.31086e-05	2.46686e-05	0	2.03457e-05	2.48571e-07	1.35829e-05	2.44571e-06
2	2000	0.199059	0.447984	1.33629e-05	2.50714e-05	0	2.06514e-05	2.51429e-07	1.38743e-05	2.63714e-06
2	2000	0.198826	0.447984	1.33143e-05	2.498e-05	0	2.06e-05	2.45714e-07	1.38457e-05	2.58857e-06
2	2000	0.198597	0.348779	1.328e-05	2.49057e-05	0	2.056e-05	2.51429e-07	1.38171e-05	2.55429e-06
2	2000	0.19903	0.447984	1.33514e-05	2.508e-05	0	2.06343e-05	2.51429e-07	1.386e-05	2.64e-06
2	2000	0.198578	0.497512	1.32686e-05	2.49029e-05	0	2.05314e-05	2.51429e-07	1.37771e-05	2.65143e-06
2	2000	0.199225	0.546992	1.33914e-05	2.51429e-05	0	2.06914e-05	2.48571e-07	1.38943e-05	2.64571e-06
2	2000	0.198356	0.249377	1.32486e-05	2.48686e-05	0	2.05143e-05	2.51429e-07	1.37371e-05	2.52857e-06
2	2000	0.198203	0.249377	1.322e-05	2.48457e-05	0	2.04857e-05	2.51429e-07	1.36971e-05	2.51714e-06
2	2000	0.199163	0.744417	1.33543e-05	2.504e-05	0	2.06486e-05	2.48571e-07	1.39029e-05	2.70857e-06
2	2000	0.198201	0.299103	1.32171e-05	2.48343e-05	0	2.048e-05	2.51429e-07	1.36971e-05	2.52286e-06
3	3000	0.202183	2.31195	1.36657e-05	2.55743e-05	0	2.10829e-05	2.48571e-07	1.42571e-05	3.43714e-06
3	3000	0.201178	1.7038	1.36143e-05	2.54486e-05	0	2.10057e-05	2.48571e-07	1.42457e-05	2.90571e-06
3	3000	0.202463	1.60708	1.38457e-05	2.59343e-05	0	2.13e-05	2.48571e-07	1.44143e-05	2.97429e-06
3	3000	0.201954	1.47783	1.37457e-05	2.57457e-05	0	2.116e-05	2.48571e-07	1.43314e-05	2.96e-06
3	3000	0.201844	1.5748	1.374e-05	2.57486e-05	0	2.11543e-05	2.48571e-07	1.43257e-05	2.96571e-06
3	3000	0.20129	1.05541	1.36657e-05	2.556e-05	0	2.106e-05	2.48571e-07	1.42457e-05	2.83429e-06
3	3000	0.202549	1.7038	1.38171e-05	2.58714e-05	0	2.12629e-05	2.48571e-07	1.44057e-05	3.21714e-06
3	3000	0.202348	2.28013	1.37914e-05	2.58371e-05	0	2.12229e-05	2.48571e-07	1.438e-05	3.23714e-06
3	3000	0.201514	1.25082	1.36771e-05	2.56086e-05	0	2.10771e-05	2.48571e-07	1.42743e-05	2.95429e-06
3	3000	0.202124	1.7038	1.37629e-05	2.57857e-05	0	2.12057e-05	2.48571e-07	1.43771e-05	2.95714e-06
4	4000	0.204849	2.41522	1.41486e-05	2.64057e-05	0	2.17314e-05	2.51429e-07	1.47943e-05	3.40857e-06
4	4000	0.206997	3.82303	1.43086e-05	2.67257e-05	0	2.19629e-05	2.51429e-07	1.49743e-05	4.22571e-06
4	4000	0.206644	3.77676	1.43029e-05	2.67057e-05	0	2.19314e-05	2.51429e-07	1.492e-05	4.07429e-06
4	4000	0.206987	3.73045	1.438e-05	2.68429e-05	0	2.20514e-05	2.51429e-07	1.50229e-05	3.94286e-06
4	4000	0.205321	3.1477	1.42286e-05	2.65686e-05	0	2.18486e-05	2.48571e-07	1.48429e-05	3.48286e-06
4	4000	0.207015	3.218	1.44286e-05	2.69714e-05	0	2.21171e-05	2.48571e-07	1.50457e-05	3.96571e-06
4	4000	0.206552	3.54473	1.442e-05	2.69314e-05	0	2.20914e-05	2.45714e-07	1.5e-05	3.63714e-06
4	4000	0.206235	2.88905	1.42886e-05	2.67086e-05	0	2.19057e-05	2.51429e-07	1.48743e-05	3.59143e-06
4	4000	0.206092	2.91262	1.43229e-05	2.67543e-05	0	2.19743e-05	2.48571e-07	1.49657e-05	3.55429e-06
4	4000	0.206493	2.53411	1.43886e-05	2.684e-05	0	2.206e-05	2.51429e-07	1.50543e-05	3.49429e-06
5	5000	0.212015	4.79817	1.51571e-05	2.82114e-05	0	2.30943e-05	2.42857e-07	1.582e-05	4.69143e-06
5	5000	0.212646	5.33889	1.506e-05	2.80429e-05	0	2.29829e-05	2.42857e-07	1.57114e-05	5.03143e-06
5	5000	0.212051	4.50726	1.51429e-05	2.81857e-05	0	2.31086e-05	2.42857e-07	1.57914e-05	4.44857e-06
5	5000	0.211132	4.54372	1.50686e-05	2.80857e-05	0	2.29857e-05	2.42857e-07	1.57114e-05	4.30286e-06
5	5000	0.211222	4.12272	1.50514e-05	2.80571e-05	0	2.29857e-05	2.42857e-07	1.57114e-05	4.19714e-06
5	5000	0.21094	3.53077	1.504e-05	2.79914e-05	0	2.294e-05	2.42857e-07	1.56371e-05	4.11143e-06
5	5000	0.211586	5.37472	1.50657e-05	2.80543e-05	0	2.29943e-05	2.42857e-07	1.56714e-05	4.7e-06
5	5000	0.211604	3.95697	1.51686e-05	2.82629e-05	0	2.31171e-05	2.42857e-07	1.57657e-05	4.22571e-06
5	5000	0.211519	4.67112	1.51e-05	2.81171e-05	0	2.30514e-05	2.42857e-07	1.57314e-05	4.36286e-06
5	5000	0.211787	4.45251	1.514e-05	2.82029e-05	0	2.30886e-05	2.42857e-07	1.57829e-05	4.6e-06
6	6000	0.220827	6.62932	1.61371e-05	2.99086e-05	0	2.444e-05	2.4e-07	1.68371e-05	5.83143e-06
6	6000	0.220254	5.71967	1.63829e-05	3.04371e-05	0	2.47286e-05	2.4e-07	1.70029e-05	5.29429e-06
6	6000	0.221158	7.29295	1.63057e-05	3.02457e-05	0	2.462e-05	2.4e-07	1.68829e-05	6.06e-06
6	6000	0.219233	5.82326	1.61343e-05	2.99029e-05	0	2.44057e-05	2.4e-07	1.68486e-05	5.45714e-06
6	6000	0.219062	5.52669	1.62114e-05	3.00657e-05	0	2.45114e-05	2.4e-07	1.69086e-05	5.02571e-06
6	6000	0.219171	5.19829	1.62543e-05	3.012e-05	0	2.45571e-05	2.4e-07	1.69029e-05	5.08857e-06
6	6000	0.22147	6.70191	1.64114e-05	3.046e-05	0	2.47571e-05	2.4e-07	1.704e-05	6.04e-06
6	6000	0.218885	5.34785	1.61171e-05	2.99e-05	0	2.44257e-05	2.4e-07	1.67971e-05	5.18286e-06
6	6000	0.219845	5.97085	1.62714e-05	3.02314e-05	0	2.46171e-05	2.4e-07	1.69486e-05	5.54286e-06
6	6000	0.217445	5.10833	1.59829e-05	2.96143e-05	0	2.42543e-05	2.4e-07	1.67343e-05	4.80286e-06
7	7000	0.228251	6.97674	1.766e-05	3.26229e-05	0	2.64086e-05	2.4e-07	1.83543e-05	6.09143e-06
7	7000	0.23065	6.70399	1.78229e-05	3.29171e-05	0	2.66171e-05	2.4e-07	1.84971e-05	6.39429e-06
7	7000	0.229141	6.11588	1.78343e-05	3.29543e-05	0	2.66257e-05	2.4e-07	1.84114e-05	5.64571e-06
7	7000	0.230516	7.07553	1.80086e-05	3.33057e-05	0	2.68371e-05	2.4e-07	1.86429e-05	6.42e-06
7	7000	0.231245	7.88262	1.81371e-05	3.35457e-05	0	2.69914e-05	2.4e-07	1.87514e-05	6.66286e-06
7	7000	0.231006	7.60296	1.79457e-05	3.32086e-05	0	2.67886e-05	2.4e-07	1.85971e-05	6.76e-06
7	7000	0.229699	6.72885	1.78486e-05	3.29971e-05	0	2.666e-05	2.4e-07	1.84914e-05	6.08286e-06
7	7000	0.232679	8.36497	1.81371e-05	3.35657e-05	0	2.70114e-05	2.4e-07	1.88314e-05	7.39429e-06
7	7000	0.22975	7.14949	1.78914e-05	3.308e-05	0	2.66743e-05	2.4e-07	1.84371e-05	6.23143e-06
7	7000	0.231369	6.85296	1.80971e-05	3.34771e-05	0	2.69571e-05	2.4e-07	1.87114e-05	6.44e-06
8	8000	0.243754	8.51915	2.00057e-05	3.68829e-05	0	2.94171e-05	2.48571e-07	2.06114e-05	7.61429e-06
8	8000	0.246631	9.17348	2.032e-05	3.74629e-05	0	2.98057e-05	2.51429e-07	2.10343e-05	8.46857e-06
8	8000	0.245843	9.90991	2.01343e-05	3.71057e-05	0	2.958e-05	2.51429e-07	2.07571e-05	8.75429e-06
8	8000	0.244656	9.1941	2.00543e-05	3.69743e-05	0	2.94971e-05	2.51429e-07	2.06429e-05	7.99714e-06
8	8000	0.246834	9.39977	2.03629e-05	3.74971e-05	0	2.98229e-05	2.51429e-07	2.10229e-05	8.46e-06
8	8000	0.246722	10.0011	2.024e-05	3.72829e-05	0	2.97029e-05	2.51429e-07	2.08886e-05	8.71429e-06
8	8000	0.245368	8.27792	2.02514e-05	3.73143e-05	0	2.97229e-05	2.51429e-07	2.092e-05	7.73714e-06
8	8000	0.247063	9.21471	2.04057e-05	3.76857e-05	0	2.99229e-05	2.51429e-07	2.10571e-05	8.30286e-06
8	8000	0.245837	9.01854	2.02343e-05	3.73171e-05	0	2.96914e-05	2.51429e-07	2.08257e-05	8.3e-06
8	8000	0.244963	9.48178	2.01857e-05	3.718e-05	0	2.96371e-05	2.51429e-07	2.07657e-05	8.40571e-06
9	9000	0.265806	11.0144	2.31086e-05	4.24714e-05	0	3.33657e-05	2.31429e-07	2.37429e-05	1.10714e-05
9	9000	0.26533	11.1725	2.32257e-05	4.268e-05	0	3.35286e-05	2.31429e-07	2.39743e-05	1.06314e-05
9	9000	0.265324	10.7231	2.33086e-05	4.29429e-05	0	3.36229e-05	2.31429e-07	2.39314e-05	1.04114e-05
9	9000	0.265204	10.7762	2.32457e-05	4.27714e-05	0	3.35514e-05	2.31429e-07	2.388e-05	1.08314e-05
9	9000	0.263487	10.6079	2.306e-05	4.24171e-05	0	3.33314e-05	2.31429e-07	2.36914e-05	1.00886e-05
9	9000	0.264862	11.032	2.31971e-05	4.272e-05	0	3.34971e-05	2.31429e-07	2.38343e-05	1.05657e-05
9	9000	0.266775	12.4173	2.32657e-05	4.27743e-05	0	3.35743e-05	2.31429e-07	2.39171e-05	1.144e-05
9	9000	0.2648	11.0408	2.312e-05	4.25486e-05	0	3.34e-05	2.31429e-07	2.38257e-05	1.04343e-05
9	9000	0.264072	10.9704	2.30743e-05	4.24029e-05	0	3.33429e-05	2.31429e-07	2.37914e-05	1.04429e-05
9	9000	0.265108	11.4435	2.324e-05	4.27571e-05	0	3.35143e-05	2.31429e-07	2.39029e-05	1.04743e-05
10	10000	0.290206	13.4873	2.69286e-05	4.956e-05	0	3.82771e-05	2.28571e-07	2.77286e-05	1.40086e-05
10	10000	0.290813	13.4724	2.69743e-05	4.96029e-05	0	3.83343e-05	2.28571e-07	2.77343e-05	1.38886e-05
10	10000	0.289392	13.1568	2.69286e-05	4.95429e-05	0	3.82743e-05	2.28571e-07	2.76457e-05	1.36743e-05
10	10000	0.290889	13.3148	2.708e-05	4.97629e-05	0	3.84371e-05	2.28571e-07	2.77143e-05	1.38143e-05
10	10000	0.291302	13.8377	2.70657e-05	4.976e-05	0	3.84286e-05	2.28571e-07	2.78429e-05	1.424e-05
10	10000	0.290814	13.2246	2.70343e-05	4.97086e-05	0	3.84e-05	2.28571e-07	2.77343e-05	1.42029e-05
10	10000	0.291754	13.6144	2.706e-05	4.98086e-05	0	3.84486e-05	2.28571e-07	2.78314e-05	1.46343e-05
10	10000	0.289274	12.9147	2.69371e-05	4.94514e-05	0	3.82971e-05	2.28571e-07	2.76686e-05	1.36286e-05
10	10000	0.291019	13.7336	2.70543e-05	4.97714e-05	0	3.84057e-05	2.28571e-07	2.77543e-05	1.40857e-05
10	10000	0.291369	13.8599	2.70029e-05	4.96286e-05	0	3.83857e-05	2.28571e-07	2.77286e-05	1.46371e-05
11	11000	0.317962	14.3102	3.11657e-05	5.73743e-05	0	4.37143e-05	2.51429e-07	3.196e-05	1.71571e-05
11	11000	0.318763	15.4756	3.12629e-05	5.74686e-05	0	4.38229e-05	2.51429e-07	3.20229e-05	1.76029e-05
11	11000	0.319866	15.4497	3.12971e-05	5.75286e-05	0	4.38229e-05	2.51429e-07	3.20314e-05	1.85429e-05
11	11000	0.318582	15.5146	3.13086e-05	5.75514e-05	0	4.384e-05	2.51429e-07	3.19857e-05	1.78343e-05
11	11000	0.318126	14.8079	3.12457e-05	5.74714e-05	0	4.37943e-05	2.51429e-07	3.20314e-05	1.74371e-05
11	11000	0.319788	15.2673	3.12629e-05	5.74629e-05	0	4.38171e-05	2.51429e-07	3.20314e-05	1.78886e-05
11	11000	0.31978	15.9856	3.142e-05	5.78457e-05	0	4.39571e-05	2.51429e-07	3.20971e-05	1.79429e-05
11	11000	0.31964	16.101	3.12971e-05	5.75486e-05	0	4.38514e-05	2.51429e-07	3.2e-05	1.848e-05
11	11000	0.319611	15.6765	3.128e-05	5.752e-05	0	4.38543e-05	2.51429e-07	3.20171e-05	1.78114e-05
11	11000	0.320428	15.7863	3.13486e-05	5.76486e-05	0	4.38971e-05	2.51429e-07	3.20886e-05	1.84429e-05
12	12000	0.350925	17.8138	3.59171e-05	6.60486e-05	0	4.97543e-05	2.4e-07	3.67571e-05	2.30686e-05
12	12000	0.349414	16.5334	3.588e-05	6.59686e-05	0	4.96914e-05	2.4e-07	3.66543e-05	2.16743e-05
12	12000	0.349363	17.3155	3.58114e-05	6.584e-05	0	4.96229e-05	2.4e-07	3.66771e-05	2.21343e-05
12	12000	0.350307	17.6107	3.57743e-05	6.57514e-05	0	4.95857e-05	2.4e-07	3.66686e-05	2.276e-05
12	12000	0.349811	17.3952	3.58943e-05	6.60171e-05	0	4.97057e-05	2.4e-07	3.67886e-05	2.24486e-05
12	12000	0.351384	18.4173	3.59257e-05	6.60486e-05	0	4.978e-05	2.4e-07	3.68029e-05	2.38086e-05
12	12000	0.350102	17.6842	3.586e-05	6.594e-05	0	4.96943e-05	2.4e-07	3.674e-05	2.28343e-05
12	12000	0.349209	17.2128	3.59429e-05	6.61371e-05	0	4.97943e-05	2.4e-07	3.68371e-05	2.19971e-05
12	12000	0.350589	17.9487	3.59e-05	6.60057e-05	0	4.97029e-05	2.4e-07	3.67257e-05	2.31943e-05
12	12000	0.352887	18.7927	3.59514e-05	6.60771e-05	0	4.978e-05	2.4e-07	3.68114e-05	2.44086e-05
