N_THREADS	N_TRANSACTIONS	TIME	N_ABORTS	PROCESS_READ_TIME	PROCESS_WRITE_TIME	PROCESS_VALIDATION_TIME	PROCESS_OTHER_TIME	COMMIT_VALIDATION_TIME	COMMIT_OTHER_TIME	WASTED_TIME
1	1000	0.710903	0	3.08286e-05	6.914e-05	0	0.000586054	2.51429e-07	2.16029e-05	1.13143e-06	0.83
1	1000	0.710786	0	3.08229e-05	6.91343e-05	0	0.00058598	2.51429e-07	2.15714e-05	1.13143e-06	0.80
1	1000	0.710819	0	3.082e-05	6.91314e-05	0	0.000586003	2.51429e-07	2.15857e-05	1.13143e-06	0.80
1	1000	0.710976	0	3.084e-05	6.91457e-05	0	0.000586103	2.51429e-07	2.16086e-05	1.13143e-06	0.80
1	1000	0.710989	0	3.08314e-05	6.91486e-05	0	0.00058612	2.48571e-07	2.16114e-05	1.13429e-06	0.80
1	1000	0.710944	0	3.08514e-05	6.91457e-05	0	0.000586063	2.51429e-07	2.16057e-05	1.13429e-06	0.80
1	1000	0.710984	0	3.08371e-05	6.91486e-05	0	0.000586114	2.51429e-07	2.16057e-05	1.13143e-06	0.80
1	1000	0.71082	0	3.08429e-05	6.91343e-05	0	0.000585983	2.51429e-07	2.15857e-05	1.12857e-06	0.80
1	1000	0.710919	0	3.082e-05	6.91457e-05	0	0.000586066	2.51429e-07	2.16086e-05	1.13143e-06	0.80
1	1000	0.710883	0	3.084e-05	6.91371e-05	0	0.000586031	2.51429e-07	2.15971e-05	1.13143e-06	0.80
2	2000	0.722877	3.19458	3.08629e-05	6.91486e-05	0	0.000586171	2.48571e-07	2.16457e-05	1.24143e-05	0.84
2	2000	0.722887	3.19458	3.08543e-05	6.91429e-05	0	0.000586186	2.45714e-07	2.16429e-05	1.20771e-05	0.81
2	2000	0.722772	3.24141	3.08514e-05	6.91429e-05	0	0.000586083	2.48571e-07	2.16286e-05	1.22171e-05	0.81
2	2000	0.722904	3.05381	3.086e-05	6.914e-05	0	0.000586203	2.51429e-07	2.16343e-05	1.20686e-05	0.81
2	2000	0.722864	3.24141	3.08686e-05	6.91514e-05	0	0.000586151	2.48571e-07	2.16429e-05	1.25514e-05	0.81
2	2000	0.721231	2.72374	3.088e-05	6.91629e-05	0	0.000586214	2.48571e-07	2.16314e-05	1.10143e-05	0.81
2	2000	0.722905	3.52147	3.08543e-05	6.91514e-05	0	0.000586197	2.51429e-07	2.16314e-05	1.25714e-05	0.82
2	2000	0.722962	3.38164	3.08486e-05	6.91486e-05	0	0.000586189	2.51429e-07	2.16829e-05	1.24429e-05	0.81
2	2000	0.722926	3.24141	3.08686e-05	6.91486e-05	0	0.000586214	2.51429e-07	2.16371e-05	1.242e-05	0.80
2	2000	0.721519	2.62902	3.086e-05	6.91486e-05	0	0.000586217	2.48571e-07	2.16257e-05	1.15143e-05	0.81
3	3000	0.730519	6.60025	3.08943e-05	6.916e-05	0	0.000586211	2.48571e-07	2.16943e-05	1.94514e-05	0.85
3	3000	0.732219	5.77889	3.08914e-05	6.91686e-05	0	0.000586234	2.48571e-07	2.16543e-05	2.098e-05	0.83
3	3000	0.729619	5.92662	3.08914e-05	6.916e-05	0	0.000586229	2.48571e-07	2.16629e-05	1.79743e-05	0.82
3	3000	0.732264	6.42545	3.08857e-05	6.91657e-05	0	0.000586237	2.48571e-07	2.16571e-05	2.09914e-05	0.83
3	3000	0.73171	6.54206	3.08829e-05	6.91571e-05	0	0.000586249	2.48571e-07	2.16514e-05	2.07429e-05	0.82
3	3000	0.732663	6.97674	3.09e-05	6.916e-05	0	0.000586189	2.48571e-07	2.17143e-05	2.12943e-05	0.83
3	3000	0.731098	6.91902	3.08971e-05	6.91629e-05	0	0.0005862	2.48571e-07	2.16886e-05	2.01714e-05	0.82
3	3000	0.732897	6.74541	3.08886e-05	6.916e-05	0	0.000586189	2.48571e-07	2.168e-05	2.22486e-05	0.83
3	3000	0.73211	5.24321	3.088e-05	6.91514e-05	0	0.000586243	2.48571e-07	2.16629e-05	2.11343e-05	0.82
3	3000	0.7329	6.48379	3.08943e-05	6.91657e-05	0	0.00058624	2.48571e-07	2.16629e-05	2.11086e-05	0.83
4	4000	0.747255	9.17348	3.09286e-05	6.91829e-05	0	0.000586326	2.48571e-07	2.16886e-05	2.94e-05	0.86
4	4000	0.744322	9.33817	3.092e-05	6.91657e-05	0	0.000586186	2.45714e-07	2.16886e-05	3.012e-05	0.84
4	4000	0.741745	8.63408	3.09171e-05	6.91943e-05	0	0.000586314	2.48571e-07	2.16886e-05	2.83029e-05	0.83
4	4000	0.746228	10.5546	3.092e-05	6.91657e-05	0	0.000586349	2.51429e-07	2.16771e-05	3.10429e-05	0.84
4	4000	0.745558	9.80834	3.09143e-05	6.916e-05	0	0.000586343	2.51429e-07	2.16971e-05	3.01286e-05	0.83
4	4000	0.745848	9.68616	3.09286e-05	6.91886e-05	0	0.000586323	2.48571e-07	2.16857e-05	3.18686e-05	0.84
4	4000	0.740298	9.07024	3.09143e-05	6.91914e-05	0	0.000586351	2.51429e-07	2.16943e-05	2.73971e-05	0.83
4	4000	0.746594	8.77993	3.092e-05	6.91886e-05	0	0.000586354	2.51429e-07	2.16857e-05	3.03057e-05	0.84
4	4000	0.745083	9.70655	3.092e-05	6.91771e-05	0	0.00058634	2.48571e-07	2.168e-05	2.94143e-05	0.84
4	4000	0.750958	8.69664	3.092e-05	6.91886e-05	0	0.000586329	2.48571e-07	2.168e-05	3.28543e-05	0.84
5	5000	0.752062	11.8321	3.096e-05	6.91886e-05	0	0.00058638	2.42857e-07	2.17371e-05	4.02114e-05	0.86
5	5000	0.753686	12.6027	3.09629e-05	6.91714e-05	0	0.000586357	2.42857e-07	2.17886e-05	4.07686e-05	0.85
5	5000	0.757496	11.1111	3.09571e-05	6.918e-05	0	0.00058634	2.42857e-07	2.176e-05	4.16086e-05	0.85
5	5000	0.754588	12.7247	3.09571e-05	6.91743e-05	0	0.00058636	2.42857e-07	2.17743e-05	4.21343e-05	0.84
5	5000	0.753584	12.3883	3.09514e-05	6.91886e-05	0	0.000586337	2.42857e-07	2.17457e-05	4.03943e-05	0.85
5	5000	0.754408	11.7387	3.094e-05	6.91714e-05	0	0.000586366	2.42857e-07	2.17657e-05	3.90943e-05	0.85
5	5000	0.758238	12.3729	3.09571e-05	6.918e-05	0	0.00058634	2.42857e-07	2.17743e-05	4.22114e-05	0.85
5	5000	0.757164	13.9415	3.09571e-05	6.91657e-05	0	0.000586346	2.42857e-07	2.17771e-05	4.48486e-05	0.86
5	5000	0.756796	13.7187	3.09543e-05	6.91914e-05	0	0.000586329	2.42857e-07	2.17571e-05	4.12286e-05	0.84
5	5000	0.759405	12.74	3.096e-05	6.918e-05	0	0.00058636	2.42857e-07	2.17543e-05	4.29514e-05	0.85
6	6000	0.765306	13.9415	3.09771e-05	6.91971e-05	0	0.000586437	2.4e-07	2.18e-05	5.03257e-05	0.88
6	6000	0.770397	14.2367	3.09686e-05	6.91971e-05	0	0.000586429	2.4e-07	2.18029e-05	5.13314e-05	0.86
6	6000	0.764239	13.6939	3.09829e-05	6.91971e-05	0	0.000586423	2.4e-07	2.18171e-05	5.07457e-05	0.86
6	6000	0.762375	14.6272	3.09886e-05	6.91886e-05	0	0.00058642	2.4e-07	2.18086e-05	4.756e-05	0.85
6	6000	0.762052	14.9419	3.09771e-05	6.92114e-05	0	0.000586431	2.4e-07	2.18029e-05	4.76257e-05	0.86
6	6000	0.768015	14.2122	3.09886e-05	6.92086e-05	0	0.000586431	2.4e-07	2.18171e-05	4.94857e-05	0.86
6	6000	0.772113	15.0863	3.098e-05	6.91971e-05	0	0.000586403	2.4e-07	2.18229e-05	4.65629e-05	0.86
6	6000	0.764463	15.0743	3.09857e-05	6.91914e-05	0	0.000586417	2.4e-07	2.18086e-05	4.85857e-05	0.86
6	6000	0.768293	15.4215	3.09886e-05	6.92029e-05	0	0.000586426	2.4e-07	2.17943e-05	5.00429e-05	0.86
6	6000	0.763664	14.9901	3.09686e-05	6.92029e-05	0	0.000586449	2.4e-07	2.18114e-05	4.858e-05	0.85
7	7000	0.776997	16.1877	3.10143e-05	6.92171e-05	0	0.000586489	2.4e-07	2.18543e-05	5.814e-05	0.88
7	7000	0.778854	16.5773	3.10171e-05	6.92343e-05	0	0.000586486	2.4e-07	2.18629e-05	6.34057e-05	0.87
7	7000	0.775829	17.0813	3.10143e-05	6.92143e-05	0	0.000586483	2.4e-07	2.18343e-05	5.99314e-05	0.88
7	7000	0.777634	16.298	3.10143e-05	6.92286e-05	0	0.000586477	2.4e-07	2.18686e-05	5.92514e-05	0.87
7	7000	0.780753	17.6567	3.10114e-05	6.922e-05	0	0.000586537	2.4e-07	2.18629e-05	6.142e-05	0.87
7	7000	0.776475	17.4917	3.10171e-05	6.92371e-05	0	0.000586463	2.4e-07	2.18571e-05	5.974e-05	0.87
7	7000	0.776928	17.0223	3.1e-05	6.92229e-05	0	0.00058648	2.4e-07	2.18571e-05	6.02e-05	0.87
7	7000	0.785107	15.9966	3.10057e-05	6.922e-05	0	0.000586489	2.4e-07	2.18543e-05	6.188e-05	0.87
7	7000	0.778406	16.5275	3.10257e-05	6.92257e-05	0	0.000586474	2.4e-07	2.18743e-05	5.77743e-05	0.87
7	7000	0.77249	16.4478	3.10171e-05	6.92257e-05	0	0.000586491	2.4e-07	2.18457e-05	5.65514e-05	0.86
8	8000	0.792192	18.5253	3.10286e-05	6.92457e-05	0	0.00058658	2.48571e-07	2.18629e-05	6.95429e-05	0.91
8	8000	0.787534	18.4256	3.10257e-05	6.92429e-05	0	0.000586549	2.42857e-07	2.19e-05	6.71943e-05	0.88
8	8000	0.789982	19.2246	3.10543e-05	6.92514e-05	0	0.000586534	2.42857e-07	2.19029e-05	7.178e-05	0.89
8	8000	0.791677	19.0857	3.10371e-05	6.92543e-05	0	0.000586554	2.48571e-07	2.18886e-05	7.192e-05	0.89
8	8000	0.789809	19.1511	3.10429e-05	6.924e-05	0	0.000586534	2.48571e-07	2.18771e-05	7.20143e-05	0.89
8	8000	0.787521	18.7405	3.10429e-05	6.92457e-05	0	0.000586551	2.48571e-07	2.18829e-05	7.14657e-05	0.87
8	8000	0.795893	17.9487	3.104e-05	6.92371e-05	0	0.000586537	2.4e-07	2.19086e-05	7.30457e-05	0.89
8	8000	0.790358	18.6496	3.10371e-05	6.92457e-05	0	0.000586563	2.48571e-07	2.18857e-05	7.00914e-05	0.89
8	8000	0.795899	19.1429	3.10343e-05	6.92314e-05	0	0.000586549	2.45714e-07	2.18829e-05	7.18686e-05	0.89
8	8000	0.794176	19.8878	3.10343e-05	6.92371e-05	0	0.000586551	2.48571e-07	2.18971e-05	7.19086e-05	0.89
9	9000	0.803108	20.9903	3.10743e-05	6.92686e-05	0	0.000586623	2.31429e-07	2.19314e-05	8.40371e-05	0.90
9	9000	0.804775	21.8682	3.10771e-05	6.92714e-05	0	0.000586637	2.31429e-07	2.194e-05	8.07971e-05	0.90
9	9000	0.799854	21.6642	3.10771e-05	6.92543e-05	0	0.000586646	2.31429e-07	2.19257e-05	8.186e-05	0.89
9	9000	0.809712	23.0506	3.10657e-05	6.92657e-05	0	0.000586646	2.31429e-07	2.19343e-05	8.55743e-05	0.90
9	9000	0.801766	22.1049	3.10714e-05	6.926e-05	0	0.000586666	2.31429e-07	2.19514e-05	8.278e-05	0.89
9	9000	0.80088	21.1218	3.10686e-05	6.92543e-05	0	0.000586666	2.31429e-07	2.19286e-05	8.08771e-05	0.90
9	9000	0.797492	20.9764	3.10714e-05	6.92714e-05	0	0.000586674	2.31429e-07	2.19371e-05	8.18086e-05	0.90
9	9000	0.801695	22.0509	3.10657e-05	6.92629e-05	0	0.000586657	2.31429e-07	2.19371e-05	8.23114e-05	0.90
9	9000	0.796153	20.9069	3.10914e-05	6.92571e-05	0	0.000586657	2.31429e-07	2.19343e-05	7.708e-05	0.89
9	9000	0.804018	21.8071	3.108e-05	6.92543e-05	0	0.000586643	2.31429e-07	2.19314e-05	8.33171e-05	0.90
10	10000	0.809395	22.6186	3.11171e-05	6.93e-05	0	0.000586797	2.28571e-07	2.19629e-05	8.78314e-05	0.92
10	10000	0.811799	23.4538	3.11086e-05	6.92943e-05	0	0.0005868	2.28571e-07	2.19629e-05	9.00343e-05	0.91
10	10000	0.816679	24.1562	3.11086e-05	6.92829e-05	0	0.000586789	2.28571e-07	2.196e-05	9.51371e-05	0.92
10	10000	0.807324	22.3422	3.11229e-05	6.92971e-05	0	0.000586763	2.28571e-07	2.19571e-05	8.99857e-05	0.90
10	10000	0.810644	23.6874	3.11114e-05	6.93057e-05	0	0.000586789	2.28571e-07	2.19714e-05	9.31771e-05	0.91
10	10000	0.81155	23.4831	3.11143e-05	6.92971e-05	0	0.000586789	2.28571e-07	2.19629e-05	9.21771e-05	0.91
10	10000	0.810802	24.4256	3.11171e-05	6.92971e-05	0	0.000586774	2.28571e-07	2.19686e-05	9.32143e-05	0.91
10	10000	0.81918	23.7863	3.11114e-05	6.93029e-05	0	0.000586791	2.28571e-07	2.19629e-05	9.14e-05	0.92
10	10000	0.813565	23.4596	3.112e-05	6.92857e-05	0	0.000586774	2.28571e-07	2.19657e-05	8.99086e-05	0.91
10	10000	0.8147	23.8037	3.11e-05	6.928e-05	0	0.000586803	2.28571e-07	2.19657e-05	9.29657e-05	0.91
11	11000	0.820937	26.0355	3.114e-05	6.93286e-05	0	0.000587071	2.51429e-07	2.19857e-05	0.000101829	0.94
11	11000	0.82526	25.4439	3.11486e-05	6.93371e-05	0	0.000587077	2.45714e-07	2.19914e-05	0.000102189	0.92
11	11000	0.825885	25.7509	3.11543e-05	6.93429e-05	0	0.000587037	2.42857e-07	2.20057e-05	0.000101717	0.92
11	11000	0.826794	25.5398	3.11371e-05	6.93314e-05	0	0.000587083	2.48571e-07	2.19829e-05	0.000104683	0.93
11	11000	0.824142	25.4439	3.11457e-05	6.93229e-05	0	0.000587057	2.51429e-07	2.19886e-05	0.000103729	0.92
11	11000	0.82501	25.1038	3.11543e-05	6.93314e-05	0	0.000587069	2.42857e-07	2.19943e-05	0.000101511	0.92
11	11000	0.823178	25.7359	3.11429e-05	6.93143e-05	0	0.000587043	2.48571e-07	2.198e-05	0.000105163	0.92
11	11000	0.824478	25.3123	3.114e-05	6.93286e-05	0	0.000587066	2.45714e-07	2.19829e-05	0.000103411	0.92
11	11000	0.833449	26.382	3.114e-05	6.93171e-05	0	0.000587069	2.51429e-07	2.19771e-05	0.000107143	0.93
11	11000	0.823259	25.6958	3.114e-05	6.93257e-05	0	0.000587066	2.48571e-07	2.19857e-05	0.000101026	0.92
12	12000	0.897158	28.3881	3.32657e-05	7.484e-05	0	0.000633786	2.4e-07	2.33114e-05	0.000121874	1.02
12	12000	0.899233	28.3839	3.32743e-05	7.48714e-05	0	0.000633983	2.4e-07	2.33286e-05	0.000122714	1.01
12	12000	0.902699	29.0822	3.32571e-05	7.48314e-05	0	0.000633603	2.4e-07	2.33086e-05	0.000121983	1.02
12	12000	0.915833	28.6521	3.32543e-05	7.48314e-05	0	0.00063358	2.4e-07	2.33086e-05	0.000125709	1.03
12	12000	0.897733	27.7021	3.326e-05	7.48657e-05	0	0.000633977	2.4e-07	2.33314e-05	0.000121949	1.01
12	12000	0.903459	28.1781	3.32629e-05	7.48629e-05	0	0.000633769	2.4e-07	2.33286e-05	0.000123551	1.02
12	12000	0.905815	28.4351	3.32257e-05	7.47629e-05	0	0.000633149	2.4e-07	2.33029e-05	0.000126917	1.02
12	12000	0.900547	29.0487	3.32457e-05	7.48257e-05	0	0.000633491	2.4e-07	2.33171e-05	0.000122254	1.02
12	12000	0.898313	27.8022	3.32686e-05	7.48714e-05	0	0.000633977	2.4e-07	2.33286e-05	0.000121106	1.01
12	12000	0.907237	29.3161	3.32486e-05	7.484e-05	0	0.000633754	2.4e-07	2.33229e-05	0.000127894	1.03
