N_THREADS	N_TRANSACTIONS	TIME	N_ABORTS	PROCESS_READ_TIME	PROCESS_WRITE_TIME	PROCESS_VALIDATION_TIME	PROCESS_OTHER_TIME	COMMIT_VALIDATION_TIME	COMMIT_OTHER_TIME	WASTED_TIME
1	1000	1.04679	0	9.74457e-05	0.000214523	0	0.000671574	2.51429e-07	5.392e-05	2.36857e-06	1.15
1	1000	1.04679	0	9.74114e-05	0.00021454	0	0.000671534	2.51429e-07	5.39743e-05	2.37143e-06	1.13
1	1000	1.04672	0	9.744e-05	0.000214491	0	0.000671543	2.51429e-07	5.39257e-05	2.36571e-06	1.14
1	1000	1.04679	0	9.74257e-05	0.000214546	0	0.000671543	2.51429e-07	5.39543e-05	2.36571e-06	1.14
1	1000	1.04676	0	9.74686e-05	0.00021448	0	0.000671546	2.51429e-07	5.39371e-05	2.36286e-06	1.13
1	1000	1.04682	0	9.74571e-05	0.00021452	0	0.000671597	2.48571e-07	5.39229e-05	2.36e-06	1.15
1	1000	1.04678	0	9.74286e-05	0.000214489	0	0.000671597	2.48571e-07	5.39486e-05	2.35714e-06	1.14
1	1000	1.04677	0	9.74286e-05	0.000214523	0	0.00067156	2.51429e-07	5.39371e-05	2.36286e-06	1.13
1	1000	1.04677	0	9.74057e-05	0.000214514	0	0.000671563	2.48571e-07	5.39629e-05	2.36571e-06	1.15
1	1000	1.04682	0	9.74514e-05	0.000214531	0	0.000671537	2.51429e-07	5.39714e-05	2.36857e-06	1.13
2	2000	1.07347	2.20049	0.000100534	0.0002198	0	0.000675189	2.45714e-07	5.51686e-05	1.52143e-05	1.16
2	2000	1.07417	2.34375	0.0001006	0.000219786	0	0.000675211	2.51429e-07	5.52229e-05	1.51057e-05	1.17
2	2000	1.07467	2.39141	0.000100529	0.000219711	0	0.000675174	2.51429e-07	5.51829e-05	1.54657e-05	1.17
2	2000	1.07481	2.39141	0.000100517	0.000219749	0	0.000675163	2.51429e-07	5.52971e-05	1.54686e-05	1.17
2	2000	1.07473	2.39141	0.000100583	0.000219686	0	0.000675183	2.51429e-07	5.52257e-05	1.54543e-05	1.18
2	2000	1.07515	2.58159	0.000100566	0.000219871	0	0.000675306	2.48571e-07	5.52743e-05	1.60771e-05	1.17
2	2000	1.0749	2.6764	0.000100511	0.000219611	0	0.000675246	2.51429e-07	5.52371e-05	1.69743e-05	1.17
2	2000	1.07313	2.39141	0.000100571	0.000219911	0	0.000675197	2.48571e-07	5.50943e-05	1.49457e-05	1.16
2	2000	1.07471	2.39141	0.000100543	0.00021974	0	0.000675154	2.51429e-07	5.52143e-05	1.54629e-05	1.17
2	2000	1.07542	2.72374	0.00010044	0.0002194	0	0.000675091	2.51429e-07	5.52543e-05	1.71743e-05	1.17
3	3000	1.10952	7.23562	0.000104263	0.000226117	0	0.000679543	2.48571e-07	5.70171e-05	3.224e-05	1.20
3	3000	1.10705	6.25	0.000104403	0.000226223	0	0.000679734	2.48571e-07	5.72743e-05	3.112e-05	1.20
3	3000	1.10332	6.45463	0.000104394	0.000226409	0	0.000679711	2.48571e-07	5.72029e-05	2.774e-05	1.19
3	3000	1.11186	6.74541	0.000104391	0.000226251	0	0.00067974	2.48571e-07	5.72743e-05	3.34486e-05	1.21
3	3000	1.113	7.23562	0.00010454	0.000226451	0	0.000679891	2.48571e-07	5.74971e-05	3.60029e-05	1.21
3	3000	1.11236	6.62932	0.000104454	0.000226577	0	0.000679849	2.48571e-07	5.70829e-05	3.32486e-05	1.21
3	3000	1.11319	6.25	0.000104649	0.000226934	0	0.00067994	2.48571e-07	5.72571e-05	3.398e-05	1.21
3	3000	1.11394	5.39262	0.000104477	0.000226666	0	0.000679871	2.48571e-07	5.714e-05	3.23914e-05	1.21
3	3000	1.10496	6.48379	0.00010446	0.000226603	0	0.000679823	2.48571e-07	5.70571e-05	2.89286e-05	1.20
3	3000	1.11358	6.42545	0.00010452	0.000226743	0	0.000679863	2.48571e-07	5.69914e-05	3.22171e-05	1.21
4	4000	1.14306	7.62125	0.000109857	0.000236657	0	0.000686331	2.48571e-07	5.99571e-05	3.99e-05	1.23
4	4000	1.15668	9.29705	0.000109629	0.000236109	0	0.000686077	2.45714e-07	6.00143e-05	4.68057e-05	1.25
4	4000	1.15745	10.7143	0.000109617	0.000236031	0	0.000686157	2.51429e-07	6.01429e-05	4.746e-05	1.26
4	4000	1.15194	9.1941	0.00010994	0.000236691	0	0.000686463	2.48571e-07	6.02771e-05	4.36714e-05	1.25
4	4000	1.15173	10.3139	0.00010982	0.000236274	0	0.000686317	2.51429e-07	6.03486e-05	4.65886e-05	1.25
4	4000	1.14851	9.64536	0.000109823	0.000236506	0	0.000686389	2.48571e-07	6.02457e-05	4.67371e-05	1.25
4	4000	1.1557	9.991	0.000109763	0.000236303	0	0.000686303	2.45714e-07	6.02943e-05	4.654e-05	1.25
4	4000	1.15769	9.37925	0.000109851	0.000236669	0	0.000686357	2.51429e-07	6.022e-05	4.65371e-05	1.25
4	4000	1.15594	9.27648	0.00010986	0.000236657	0	0.000686437	2.51429e-07	6.01057e-05	4.78114e-05	1.25
4	4000	1.15316	10.1527	0.000109794	0.000236483	0	0.000686309	2.51429e-07	6.01714e-05	4.51543e-05	1.25
5	5000	1.21011	11.6452	0.000116769	0.000249803	0	0.000695103	2.42857e-07	6.432e-05	6.70257e-05	1.30
5	5000	1.21902	11.567	0.000117371	0.000251094	0	0.000695657	2.42857e-07	6.44229e-05	6.884e-05	1.31
5	5000	1.21019	12.0028	0.000117237	0.000250754	0	0.000695657	2.42857e-07	6.45229e-05	6.71086e-05	1.30
5	5000	1.2114	11.0795	0.000117446	0.00025142	0	0.000695891	2.42857e-07	6.46686e-05	6.84857e-05	1.30
5	5000	1.20589	11.4103	0.000117003	0.000250437	0	0.000695317	2.42857e-07	6.436e-05	6.47914e-05	1.30
5	5000	1.20903	12.419	0.000117349	0.000250754	0	0.000695786	2.42857e-07	6.48743e-05	6.852e-05	1.30
5	5000	1.2074	11.3789	0.000117089	0.000250626	0	0.00069546	2.42857e-07	6.46114e-05	6.35914e-05	1.30
5	5000	1.20546	12.6332	0.000117414	0.000251346	0	0.000695829	2.42857e-07	6.42314e-05	6.27829e-05	1.30
5	5000	1.20743	11.6452	0.000117623	0.000251677	0	0.000695986	2.42857e-07	6.45771e-05	6.56143e-05	1.31
5	5000	1.21182	12.2807	0.00011736	0.000251066	0	0.00069564	2.42857e-07	6.42429e-05	6.72714e-05	1.31
6	6000	1.27449	13.8179	0.000127549	0.000271209	0	0.000708591	2.4e-07	7.05829e-05	8.076e-05	1.37
6	6000	1.27861	13.5571	0.000127437	0.000271323	0	0.000708443	2.4e-07	7.03086e-05	8.47143e-05	1.37
6	6000	1.28259	14.6394	0.000127171	0.000270277	0	0.000708214	2.4e-07	7.064e-05	8.89543e-05	1.37
6	6000	1.27892	14.0647	0.00012734	0.000270877	0	0.000708277	2.4e-07	7.05829e-05	8.162e-05	1.37
6	6000	1.27925	13.4699	0.000127286	0.000270414	0	0.0007083	2.4e-07	7.06257e-05	8.56657e-05	1.38
6	6000	1.28471	15.0863	0.000127309	0.000270897	0	0.000708417	2.4e-07	7.06429e-05	8.55086e-05	1.38
6	6000	1.2845	15.3021	0.000127226	0.000270371	0	0.000708303	2.4e-07	7.05143e-05	8.45286e-05	1.38
6	6000	1.28074	14.7243	0.000127334	0.000270734	0	0.000708394	2.4e-07	7.06971e-05	8.838e-05	1.37
6	6000	1.27412	13.4449	0.000127129	0.00027044	0	0.000708091	2.4e-07	7.03657e-05	8.16114e-05	1.37
6	6000	1.27382	14.6151	0.000127223	0.000270503	0	0.000708137	2.4e-07	7.03657e-05	8.294e-05	1.37
7	7000	1.36844	17.4917	0.000141031	0.000298637	0	0.00072558	2.4e-07	7.88143e-05	0.000106583	1.47
7	7000	1.36746	17.042	0.000140914	0.000298234	0	0.0007253	2.4e-07	7.84829e-05	0.00010562	1.46
7	7000	1.3721	16.2379	0.000140497	0.000297474	0	0.000724826	2.4e-07	7.84286e-05	0.000104917	1.47
7	7000	1.37512	19.1686	0.000140977	0.000298326	0	0.000725403	2.4e-07	7.90114e-05	0.000109454	1.48
7	7000	1.3796	16.7658	0.000140829	0.000298351	0	0.000725329	2.4e-07	7.86429e-05	0.00010868	1.47
7	7000	1.36958	16.2579	0.000141063	0.00029858	0	0.000725571	2.4e-07	7.89914e-05	0.000108823	1.46
7	7000	1.36815	15.7844	0.000141103	0.000298654	0	0.000725503	2.4e-07	7.88571e-05	0.000104406	1.46
7	7000	1.3724	15.9866	0.000141311	0.000298934	0	0.000725786	2.4e-07	7.89514e-05	0.000109637	1.47
7	7000	1.36951	17.2479	0.0001405	0.000297317	0	0.000724894	2.4e-07	7.83143e-05	0.000111051	1.47
7	7000	1.37301	16.288	0.000140729	0.00029822	0	0.000725234	2.4e-07	7.82829e-05	0.00010364	1.47
8	8000	1.48793	19.96	0.000158346	0.000333929	0	0.000746786	2.51429e-07	8.89486e-05	0.000131149	1.58
8	8000	1.48914	19.6222	0.000158271	0.000333703	0	0.000746603	2.51429e-07	8.85457e-05	0.000131471	1.59
8	8000	1.48976	20.0959	0.000158474	0.000334157	0	0.000746897	2.51429e-07	8.88829e-05	0.000134546	1.59
8	8000	1.48349	19.4523	0.000158754	0.000334906	0	0.00074736	2.51429e-07	8.97143e-05	0.000132766	1.58
8	8000	1.47898	18.0412	0.000158589	0.000334246	0	0.000747157	2.51429e-07	8.91914e-05	0.000128834	1.57
8	8000	1.48143	19.3955	0.000158414	0.000333889	0	0.000747	2.51429e-07	8.92743e-05	0.000131577	1.58
8	8000	1.4823	19.509	0.000158223	0.000333154	0	0.000746751	2.51429e-07	8.90286e-05	0.000128671	1.58
8	8000	1.48421	18.7487	0.000158643	0.0003344	0	0.000747126	2.51429e-07	8.88543e-05	0.000133286	1.58
8	8000	1.48674	18.6744	0.00015798	0.00033286	0	0.000746497	2.51429e-07	8.94286e-05	0.000135383	1.58
8	8000	1.48683	18.8806	0.000158046	0.000333503	0	0.000746449	2.51429e-07	8.84457e-05	0.000131149	1.58
9	9000	1.61959	22.4739	0.000179671	0.000377266	0	0.00077276	2.31429e-07	0.00010204	0.000159754	1.72
9	9000	1.62249	22.0239	0.000179254	0.000376214	0	0.000772366	2.31429e-07	0.000101929	0.000164423	1.72
9	9000	1.61108	20.8304	0.000179689	0.000377577	0	0.000772697	2.31429e-07	0.00010138	0.0001585	1.70
9	9000	1.61539	20.1491	0.000179346	0.000376594	0	0.000772377	2.31429e-07	0.00010162	0.000164471	1.71
9	9000	1.61804	22.1049	0.000179366	0.000377011	0	0.000772446	2.31429e-07	0.000101363	0.000160254	1.72
9	9000	1.61987	22.1992	0.000179469	0.00037676	0	0.000772351	2.31429e-07	0.000101086	0.000165491	1.72
9	9000	1.62833	21.5618	0.000179423	0.000377154	0	0.000772311	2.31429e-07	0.000101066	0.000162817	1.72
9	9000	1.61409	21.6437	0.00017932	0.000376671	0	0.000772274	2.31429e-07	0.000100957	0.000155837	1.71
9	9000	1.62426	22.3334	0.000179446	0.000377189	0	0.000772366	2.31429e-07	0.00010116	0.000164626	1.72
9	9000	1.62778	21.466	0.000179057	0.000376317	0	0.000771831	2.31429e-07	0.00010064	0.000166354	1.72
10	10000	1.76913	22.8216	0.000204406	0.000427486	0	0.000802429	2.28571e-07	0.000116694	0.0001913	1.87
10	10000	1.77717	24.5738	0.000204714	0.00042826	0	0.000802474	2.28571e-07	0.000115726	0.000199049	1.88
10	10000	1.77763	23.2069	0.000204266	0.000427286	0	0.000802103	2.28571e-07	0.000116186	0.00019232	1.87
10	10000	1.7832	22.3361	0.000204126	0.000427391	0	0.000802186	2.28571e-07	0.000116071	0.000199243	1.89
10	10000	1.78923	23.9833	0.000204634	0.000428137	0	0.000802589	2.28571e-07	0.000116029	0.000203683	1.89
10	10000	1.7745	22.8871	0.000204383	0.000427706	0	0.000802383	2.28571e-07	0.000115974	0.000198483	1.88
10	10000	1.77281	23.1951	0.000203897	0.00042664	0	0.000801777	2.28571e-07	0.0001163	0.000190046	1.87
10	10000	1.77441	23.9254	0.00020422	0.000426977	0	0.000801966	2.28571e-07	0.000115783	0.000194611	1.87
10	10000	1.77165	22.7561	0.000204906	0.000428971	0	0.00080276	2.28571e-07	0.00011624	0.000192849	1.87
10	10000	1.77266	23.5065	0.000204411	0.000427603	0	0.00080242	2.28571e-07	0.0001165	0.000195346	1.88
11	11000	1.94976	24.8531	0.000231929	0.000484051	0	0.000835089	2.51429e-07	0.000132237	0.000234969	2.05
11	11000	1.95463	24.9659	0.000232037	0.000483309	0	0.000835354	2.51429e-07	0.000132774	0.00024228	2.05
11	11000	1.9595	24.8737	0.000231551	0.000482971	0	0.000834597	2.51429e-07	0.000131837	0.000235863	2.06
11	11000	1.95604	26.0554	0.000231703	0.000482703	0	0.00083466	2.51429e-07	0.000132091	0.000237663	2.06
11	11000	1.94987	25.5398	0.000231934	0.000483763	0	0.000835186	2.51429e-07	0.00013228	0.000233711	2.04
11	11000	1.95186	25.6003	0.000231817	0.00048314	0	0.000834994	2.51429e-07	0.000132326	0.000239766	2.05
11	11000	1.9701	25.7058	0.000231889	0.000483371	0	0.000835137	2.51429e-07	0.000132174	0.000245017	2.07
11	11000	1.94817	24.4869	0.000232183	0.000483871	0	0.000835549	2.51429e-07	0.000132763	0.000231671	2.04
11	11000	1.95126	25.0375	0.000231966	0.000484031	0	0.000835197	2.51429e-07	0.000132291	0.000236023	2.05
11	11000	1.95089	25.1446	0.000231897	0.000484049	0	0.000834997	2.51429e-07	0.000131846	0.000234783	2.05
12	12000	2.15246	26.7891	0.000261637	0.000544203	0	0.000870311	2.4e-07	0.000148794	0.000283391	2.25
12	12000	2.14748	27.4793	0.000261389	0.00054386	0	0.000870154	2.4e-07	0.00014876	0.000285051	2.25
12	12000	2.14806	28.1007	0.00026154	0.00054444	0	0.000870369	2.4e-07	0.000149017	0.000289026	2.24
12	12000	2.14998	27.9582	0.000260843	0.000542297	0	0.000869546	2.4e-07	0.000148491	0.000289031	2.24
12	12000	2.15534	28.0317	0.000261211	0.00054376	0	0.000870094	2.4e-07	0.000149009	0.000286886	2.26
12	12000	2.15786	27.3696	0.000261806	0.000544811	0	0.000870749	2.4e-07	0.000149169	0.000291614	2.25
12	12000	2.14659	27.3652	0.0002618	0.00054472	0	0.000870766	2.4e-07	0.000149206	0.000287546	2.24
12	12000	2.15261	28.148	0.000261703	0.000544023	0	0.000870683	2.4e-07	0.000149506	0.000294734	2.25
12	12000	2.15621	27.8759	0.0002619	0.000545314	0	0.000870731	2.4e-07	0.000148603	0.000291569	2.26
12	12000	2.15842	27.9669	0.000260877	0.000542743	0	0.000869589	2.4e-07	0.000148557	0.000296723	2.27
