N_THREADS	N_TRANSACTIONS	TIME	N_ABORTS	PROCESS_READ_TIME	PROCESS_WRITE_TIME	PROCESS_VALIDATION_TIME	PROCESS_OTHER_TIME	COMMIT_VALIDATION_TIME	COMMIT_OTHER_TIME	WASTED_TIME
1	1000	0.207814	0	1.15486e-05	2.21943e-05	0	2.03657e-05	2.48571e-07	1.10714e-05	2.38e-06	0.28
1	1000	0.207806	0	1.15457e-05	2.21857e-05	0	2.03629e-05	2.51429e-07	1.10686e-05	2.38e-06	0.25
1	1000	0.207826	0	1.15629e-05	2.21857e-05	0	2.03629e-05	2.51429e-07	1.108e-05	2.38857e-06	0.25
1	1000	0.207814	0	1.156e-05	2.21629e-05	0	2.03457e-05	2.48571e-07	1.10771e-05	2.39143e-06	0.25
1	1000	0.207801	0	1.156e-05	2.21743e-05	0	2.03429e-05	2.51429e-07	1.10743e-05	2.38286e-06	0.25
1	1000	0.207828	0	1.15629e-05	2.21714e-05	0	2.03486e-05	2.51429e-07	1.10686e-05	2.38286e-06	0.25
1	1000	0.207785	0	1.156e-05	2.21743e-05	0	2.03286e-05	2.51429e-07	1.10686e-05	2.38286e-06	0.25
1	1000	0.207821	0	1.15629e-05	2.21771e-05	0	2.03514e-05	2.51429e-07	1.10657e-05	2.38e-06	0.25
1	1000	0.207828	0	1.15629e-05	2.21771e-05	0	2.03457e-05	2.51429e-07	1.10629e-05	2.38571e-06	0.25
1	1000	0.207842	0	1.15629e-05	2.21686e-05	0	2.036e-05	2.51429e-07	1.10714e-05	2.38286e-06	0.25
2	2000	0.209236	3.61446	1.166e-05	2.236e-05	0	2.04257e-05	2.51429e-07	1.12171e-05	2.90857e-06	0.27
2	2000	0.209067	3.38164	1.16543e-05	2.23543e-05	0	2.04371e-05	2.48571e-07	1.12171e-05	2.84571e-06	0.26
2	2000	0.20909	3.56798	1.16571e-05	2.23743e-05	0	2.044e-05	2.51429e-07	1.122e-05	2.84e-06	0.25
2	2000	0.20912	3.75361	1.16571e-05	2.23714e-05	0	2.044e-05	2.51429e-07	1.12229e-05	2.86571e-06	0.25
2	2000	0.20929	3.75361	1.16543e-05	2.238e-05	0	2.04343e-05	2.51429e-07	1.12229e-05	2.93714e-06	0.25
2	2000	0.209309	3.84615	1.16543e-05	2.23714e-05	0	2.04457e-05	2.51429e-07	1.12343e-05	2.93143e-06	0.26
2	2000	0.209244	3.70727	1.166e-05	2.23629e-05	0	2.044e-05	2.51429e-07	1.12143e-05	2.91143e-06	0.24
2	2000	0.209284	3.89236	1.16543e-05	2.23629e-05	0	2.04429e-05	2.48571e-07	1.12143e-05	2.95143e-06	0.26
2	2000	0.209135	3.84615	1.16686e-05	2.23714e-05	0	2.04343e-05	2.48571e-07	1.12257e-05	2.87429e-06	0.26
2	2000	0.209238	3.52147	1.16571e-05	2.23457e-05	0	2.04371e-05	2.51429e-07	1.12257e-05	2.90571e-06	0.25
3	3000	0.211914	11.9201	1.17343e-05	2.24114e-05	0	2.06286e-05	2.48571e-07	1.13457e-05	4.56857e-06	0.28
3	3000	0.212377	12.4088	1.17343e-05	2.24286e-05	0	2.06229e-05	2.48571e-07	1.13543e-05	4.88286e-06	0.26
3	3000	0.212219	12.8667	1.17429e-05	2.24371e-05	0	2.06343e-05	2.48571e-07	1.13629e-05	5.02857e-06	0.26
3	3000	0.211412	11.4522	1.17286e-05	2.24e-05	0	2.05971e-05	2.48571e-07	1.134e-05	4.33714e-06	0.26
3	3000	0.21161	11.7387	1.17257e-05	2.24e-05	0	2.05971e-05	2.48571e-07	1.13314e-05	4.60571e-06	0.26
3	3000	0.211297	11.032	1.17343e-05	2.24e-05	0	2.06057e-05	2.48571e-07	1.13286e-05	4.26571e-06	0.26
3	3000	0.211724	11.6608	1.17371e-05	2.24029e-05	0	2.06171e-05	2.48571e-07	1.13514e-05	4.59143e-06	0.26
3	3000	0.211551	11.946	1.174e-05	2.24229e-05	0	2.06143e-05	2.48571e-07	1.13714e-05	4.38571e-06	0.26
3	3000	0.21151	11.0056	1.17371e-05	2.24e-05	0	2.06257e-05	2.48571e-07	1.13514e-05	4.38286e-06	0.26
3	3000	0.21159	11.5566	1.17286e-05	2.24086e-05	0	2.06257e-05	2.48571e-07	1.13514e-05	4.53714e-06	0.26
4	4000	0.255475	56.8501	1.21943e-05	2.34886e-05	0	2.14943e-05	2.45714e-07	1.18486e-05	4.30057e-05	0.33
4	4000	0.255404	56.1259	1.218e-05	2.34543e-05	0	2.14743e-05	2.48571e-07	1.18286e-05	4.18543e-05	0.30
4	4000	0.254074	56.4981	1.21886e-05	2.34771e-05	0	2.14714e-05	2.51429e-07	1.18286e-05	4.26314e-05	0.30
4	4000	0.256412	57.7122	1.22e-05	2.348e-05	0	2.14914e-05	2.48571e-07	1.18543e-05	4.44943e-05	0.31
4	4000	0.250804	55.0663	1.21857e-05	2.34514e-05	0	2.14686e-05	2.48571e-07	1.18429e-05	3.942e-05	0.30
4	4000	0.254057	57.1138	1.218e-05	2.34657e-05	0	2.14771e-05	2.48571e-07	1.18343e-05	4.32543e-05	0.30
4	4000	0.255507	57.265	1.21943e-05	2.34629e-05	0	2.14686e-05	2.51429e-07	1.18257e-05	4.41171e-05	0.31
4	4000	0.253773	56.427	1.218e-05	2.34314e-05	0	2.14457e-05	2.48571e-07	1.18057e-05	4.17886e-05	0.30
4	4000	0.256256	57.7658	1.21971e-05	2.34771e-05	0	2.14771e-05	2.48571e-07	1.18514e-05	4.468e-05	0.31
4	4000	0.256152	56.8687	1.22057e-05	2.34829e-05	0	2.15e-05	2.45714e-07	1.18486e-05	4.40229e-05	0.30
5	5000	0.327669	74.5275	1.30143e-05	2.51914e-05	0	2.29714e-05	2.42857e-07	1.266e-05	0.000109637	0.39
5	5000	0.325368	74.1975	1.30457e-05	2.51914e-05	0	2.298e-05	2.42857e-07	1.26914e-05	0.000107229	0.37
5	5000	0.330214	74.5093	1.29943e-05	2.51286e-05	0	2.29314e-05	2.42857e-07	1.26229e-05	0.000108734	0.38
5	5000	0.32777	74.6694	1.30314e-05	2.51629e-05	0	2.29629e-05	2.42857e-07	1.26343e-05	0.000110217	0.38
5	5000	0.325303	73.9787	1.3e-05	2.51543e-05	0	2.29457e-05	2.42857e-07	1.26743e-05	0.000106123	0.37
5	5000	0.329706	74.8529	1.30286e-05	2.52086e-05	0	2.29686e-05	2.42857e-07	1.26543e-05	0.000112231	0.37
5	5000	0.331888	74.7539	1.30114e-05	2.516e-05	0	2.296e-05	2.42857e-07	1.26629e-05	0.000111949	0.38
5	5000	0.331946	74.7857	1.30171e-05	2.518e-05	0	2.29714e-05	2.42857e-07	1.26457e-05	0.000111931	0.38
5	5000	0.32551	73.9081	1.29743e-05	2.51114e-05	0	2.28771e-05	2.42857e-07	1.26371e-05	0.000104734	0.37
5	5000	0.335344	74.8883	1.3e-05	2.51543e-05	0	2.29171e-05	2.42857e-07	1.26486e-05	0.000112531	0.38
6	6000	0.434728	83.0518	1.42429e-05	2.76143e-05	0	2.50486e-05	2.4e-07	1.38143e-05	0.00020672	0.49
6	6000	0.433186	82.8356	1.42029e-05	2.75429e-05	0	2.49686e-05	2.4e-07	1.38029e-05	0.000204257	0.48
6	6000	0.439882	83.0508	1.42229e-05	2.75857e-05	0	2.50114e-05	2.4e-07	1.37657e-05	0.000207169	0.49
6	6000	0.434318	82.8021	1.42743e-05	2.76486e-05	0	2.506e-05	2.4e-07	1.382e-05	0.000205174	0.48
6	6000	0.435862	82.7957	1.42429e-05	2.75743e-05	0	2.50114e-05	2.4e-07	1.37629e-05	0.000204811	0.48
6	6000	0.436784	82.7104	1.42257e-05	2.75686e-05	0	2.49714e-05	2.4e-07	1.37514e-05	0.000202814	0.48
6	6000	0.43369	83.1024	1.42743e-05	2.76286e-05	0	2.50686e-05	2.4e-07	1.378e-05	0.000206217	0.48
6	6000	0.43711	82.6985	1.42371e-05	2.75971e-05	0	2.50286e-05	2.4e-07	1.37629e-05	0.000203463	0.48
6	6000	0.436535	83.0144	1.42886e-05	2.76886e-05	0	2.50943e-05	2.4e-07	1.38486e-05	0.000207786	0.47
6	6000	0.442668	83.1777	1.42457e-05	2.76286e-05	0	2.50543e-05	2.4e-07	1.37686e-05	0.000209626	0.49
7	7000	0.594592	88.055	1.58543e-05	3.07343e-05	0	2.762e-05	2.4e-07	1.524e-05	0.00035386	0.67
7	7000	0.588383	87.8015	1.58343e-05	3.06857e-05	0	2.76114e-05	2.4e-07	1.522e-05	0.000343171	0.63
7	7000	0.580511	87.6308	1.58029e-05	3.062e-05	0	2.75714e-05	2.4e-07	1.51743e-05	0.000337843	0.63
7	7000	0.583523	87.6832	1.58029e-05	3.05857e-05	0	2.754e-05	2.4e-07	1.512e-05	0.000338594	0.63
7	7000	0.586355	87.727	1.57771e-05	3.05143e-05	0	2.74829e-05	2.4e-07	1.51514e-05	0.000341409	0.63
7	7000	0.581275	87.546	1.578e-05	3.05629e-05	0	2.75171e-05	2.4e-07	1.51686e-05	0.000336026	0.62
7	7000	0.579513	87.5398	1.58029e-05	3.066e-05	0	2.75629e-05	2.4e-07	1.52e-05	0.000335403	0.63
7	7000	0.585248	87.7951	1.58543e-05	3.07029e-05	0	2.764e-05	2.4e-07	1.51971e-05	0.000341471	0.64
7	7000	0.575981	87.5007	1.57971e-05	3.05886e-05	0	2.75257e-05	2.4e-07	1.51571e-05	0.000333574	0.62
7	7000	0.589899	87.8479	1.58514e-05	3.074e-05	0	2.76429e-05	2.4e-07	1.52486e-05	0.000346549	0.64
8	8000	0.770179	90.6499	1.75857e-05	3.40771e-05	0	3.03629e-05	2.51429e-07	1.66657e-05	0.000511651	0.84
8	8000	0.772761	90.6294	1.76371e-05	3.41543e-05	0	3.04343e-05	2.51429e-07	1.67314e-05	0.000514749	0.82
8	8000	0.770067	90.5835	1.754e-05	3.39714e-05	0	3.02971e-05	2.51429e-07	1.66714e-05	0.00051132	0.82
8	8000	0.781891	90.6816	1.766e-05	3.41914e-05	0	3.04514e-05	2.51429e-07	1.67514e-05	0.000518483	0.83
8	8000	0.771712	90.689	1.77486e-05	3.438e-05	0	3.05971e-05	2.51429e-07	1.68457e-05	0.000515643	0.82
8	8000	0.788167	90.9059	1.76686e-05	3.42171e-05	0	3.052e-05	2.51429e-07	1.68314e-05	0.000533877	0.83
8	8000	0.760596	90.4163	1.74886e-05	3.38514e-05	0	3.01743e-05	2.51429e-07	1.66429e-05	0.0004996	0.81
8	8000	0.760169	90.4259	1.75743e-05	3.40514e-05	0	3.04e-05	2.51429e-07	1.67029e-05	0.00050122	0.81
8	8000	0.757562	90.4386	1.75886e-05	3.40571e-05	0	3.03543e-05	2.51429e-07	1.67457e-05	0.000501217	0.80
8	8000	0.770685	90.5669	1.75657e-05	3.40629e-05	0	3.03543e-05	2.51429e-07	1.67486e-05	0.000510703	0.82
9	9000	1.02205	92.7131	1.96143e-05	3.79371e-05	0	3.35429e-05	2.31429e-07	1.84143e-05	0.000748883	1.09
9	9000	1.02446	92.7495	1.95343e-05	3.78314e-05	0	3.34314e-05	2.31429e-07	1.83686e-05	0.000755289	1.09
9	9000	1.01376	92.6997	1.954e-05	3.78714e-05	0	3.34857e-05	2.31429e-07	1.83971e-05	0.000742029	1.09
9	9000	1.00792	92.5513	1.94771e-05	3.76857e-05	0	3.33486e-05	2.31429e-07	1.83657e-05	0.0007279	1.07
9	9000	1.01917	92.6926	1.956e-05	3.78657e-05	0	3.34657e-05	2.31429e-07	1.84057e-05	0.00074726	1.09
9	9000	1.00269	92.5781	1.952e-05	3.77571e-05	0	3.33943e-05	2.31429e-07	1.836e-05	0.000730683	1.06
9	9000	1.01419	92.6481	1.95657e-05	3.78657e-05	0	3.34571e-05	2.31429e-07	1.84371e-05	0.000739994	1.08
9	9000	1.03986	92.8418	1.95229e-05	3.776e-05	0	3.34086e-05	2.31429e-07	1.83886e-05	0.000769406	1.11
9	9000	1.02243	92.6935	1.94743e-05	3.77314e-05	0	3.33429e-05	2.31429e-07	1.84e-05	0.000749929	1.10
9	9000	1.00379	92.5667	1.94571e-05	3.76343e-05	0	3.32886e-05	2.31429e-07	1.83543e-05	0.000729394	1.07
10	10000	1.32006	94.1332	2.15943e-05	4.18e-05	0	3.66286e-05	2.28571e-07	2.01686e-05	0.00103798	1.38
10	10000	1.29163	93.9767	2.14343e-05	4.15743e-05	0	3.64343e-05	2.28571e-07	2.00914e-05	0.00100778	1.36
10	10000	1.31519	94.1165	2.15286e-05	4.17029e-05	0	3.65257e-05	2.28571e-07	2.01314e-05	0.00102891	1.39
10	10000	1.30653	94.0208	2.13971e-05	4.146e-05	0	3.62971e-05	2.28571e-07	1.996e-05	0.00101139	1.38
10	10000	1.28802	93.9496	2.14229e-05	4.14914e-05	0	3.63571e-05	2.28571e-07	2.00771e-05	0.00099888	1.36
10	10000	1.30912	94.0736	2.14971e-05	4.15286e-05	0	3.64629e-05	2.28571e-07	2.00829e-05	0.00102622	1.37
10	10000	1.32003	94.1137	2.15429e-05	4.17886e-05	0	3.65486e-05	2.28571e-07	2.008e-05	0.00102989	1.39
10	10000	1.32545	94.1207	2.142e-05	4.14086e-05	0	3.63286e-05	2.28571e-07	2.00086e-05	0.00103563	1.39
10	10000	1.28538	93.9731	2.14229e-05	4.13857e-05	0	3.63229e-05	2.28571e-07	1.988e-05	0.000997886	1.36
10	10000	1.32045	94.0973	2.14971e-05	4.16343e-05	0	3.64629e-05	2.28571e-07	2.00829e-05	0.00102771	1.40
11	11000	1.62707	94.9565	2.322e-05	4.48943e-05	0	3.90943e-05	2.51429e-07	2.14771e-05	0.00131961	1.70
11	11000	1.64572	95.0311	2.33086e-05	4.51314e-05	0	3.92686e-05	2.51429e-07	2.15229e-05	0.00133671	1.72
11	11000	1.65713	95.0768	2.33057e-05	4.514e-05	0	3.92829e-05	2.51429e-07	2.15371e-05	0.00135526	1.73
11	11000	1.61857	94.95	2.32657e-05	4.50457e-05	0	3.92314e-05	2.51429e-07	2.16057e-05	0.0013119	1.68
11	11000	1.61443	94.93	2.32229e-05	4.49543e-05	0	3.91e-05	2.51429e-07	2.15086e-05	0.00130483	1.69
11	11000	1.64149	95.0596	2.35429e-05	4.55286e-05	0	3.96486e-05	2.51429e-07	2.178e-05	0.00134405	1.72
11	11000	1.64002	95.0388	2.36e-05	4.57057e-05	0	3.97371e-05	2.51429e-07	2.18029e-05	0.00133965	1.71
11	11000	1.64787	95.042	2.33571e-05	4.52171e-05	0	3.942e-05	2.51429e-07	2.16657e-05	0.00133844	1.72
11	11000	1.6231	94.9762	2.32657e-05	4.498e-05	0	3.924e-05	2.51429e-07	2.16086e-05	0.00132049	1.69
11	11000	1.65268	95.0417	2.31943e-05	4.49257e-05	0	3.90829e-05	2.51429e-07	2.13829e-05	0.00134238	1.72
12	12000	2.04977	95.8078	2.51629e-05	4.86457e-05	0	4.21657e-05	2.4e-07	2.32029e-05	0.00172704	2.12
12	12000	2.04686	95.8145	2.52971e-05	4.89029e-05	0	4.23457e-05	2.4e-07	2.32714e-05	0.0017293	2.12
12	12000	2.04441	95.7845	2.50429e-05	4.84971e-05	0	4.19829e-05	2.4e-07	2.31314e-05	0.00172091	2.11
12	12000	2.05926	95.8312	2.53286e-05	4.90343e-05	0	4.23857e-05	2.4e-07	2.33343e-05	0.00173233	2.13
12	12000	2.05782	95.8189	2.51e-05	4.85514e-05	0	4.20571e-05	2.4e-07	2.31457e-05	0.00173331	2.13
12	12000	2.05895	95.8205	2.52571e-05	4.88286e-05	0	4.22629e-05	2.4e-07	2.31257e-05	0.00173804	2.12
12	12000	2.07851	95.8701	2.51914e-05	4.87886e-05	0	4.22457e-05	2.4e-07	2.32e-05	0.00176379	2.15
12	12000	2.03879	95.7793	2.51e-05	4.86371e-05	0	4.20857e-05	2.4e-07	2.312e-05	0.00171926	2.10
12	12000	2.0345	95.7727	2.51514e-05	4.87257e-05	0	4.21486e-05	2.4e-07	2.31743e-05	0.00170731	2.11
12	12000	2.03639	95.7881	2.52514e-05	4.88371e-05	0	4.22686e-05	2.4e-07	2.328e-05	0.0017208	2.10
