N_THREADS	N_TRANSACTIONS	TIME	N_ABORTS	PROCESS_READ_TIME	PROCESS_WRITE_TIME	PROCESS_VALIDATION_TIME	PROCESS_OTHER_TIME	COMMIT_VALIDATION_TIME	COMMIT_OTHER_TIME	WASTED_TIME
1	4096	9.5173	0	5.718e-05	5.03286e-05	0	0.000100714	0	1.51486e-05	1.01143e-06
1	4096	9.51724	0	5.71686e-05	5.03714e-05	0	0.000100674	0	1.51486e-05	1.01143e-06
1	4096	9.51861	0	5.72314e-05	5.02714e-05	0	0.000100906	0	1.512e-05	1.00857e-06
1	4096	9.51743	0	5.71914e-05	5.03571e-05	0	0.000100711	0	1.51457e-05	1.00857e-06
1	4096	9.51868	0	5.724e-05	5.02714e-05	0	0.000100951	0	1.51314e-05	1.00571e-06
1	4096	9.51745	0	5.71886e-05	5.03743e-05	0	0.000100697	0	1.51486e-05	1.01429e-06
1	4096	9.5174	0	5.71857e-05	5.03829e-05	0	0.000100689	0	1.51514e-05	1.00857e-06
1	4096	9.5174	0	5.71829e-05	5.03771e-05	0	0.000100686	0	1.51486e-05	1.01429e-06
1	4096	9.51752	0	5.71886e-05	5.03543e-05	0	0.000100729	0	1.51486e-05	1.00857e-06
1	4096	9.51864	0	5.72171e-05	5.02686e-05	0	0.000100926	0	1.51257e-05	1.00571e-06
2	4096	4.76855	0.0244081	5.72629e-05	5.04e-05	1.54286e-07	0.000100629	1.42857e-08	1.51686e-05	1.02286e-06
2	4096	4.7685	0.0244081	5.72457e-05	5.042e-05	1.62857e-07	0.000100606	1.71429e-08	1.51686e-05	1.02e-06
2	4096	4.7686	0.0488043	5.72629e-05	5.04286e-05	1.54286e-07	0.00010062	1.71429e-08	1.51743e-05	1.02571e-06
2	4096	4.76863	0.0488043	5.72714e-05	5.04057e-05	1.48571e-07	0.000100671	1.42857e-08	1.51657e-05	1.03429e-06
2	4096	4.76855	0.0488043	5.726e-05	5.04343e-05	1.57143e-07	0.000100614	1.42857e-08	1.51743e-05	1.02571e-06
2	4096	4.76922	0.0244081	5.73229e-05	5.02743e-05	1.4e-07	0.000100994	1.14286e-08	1.51343e-05	1.01429e-06
2	4096	4.76861	0.0488043	5.72686e-05	5.03943e-05	1.54286e-07	0.000100654	1.14286e-08	1.51686e-05	1.03143e-06
2	4096	4.76913	0.0244081	5.72829e-05	5.032e-05	1.42857e-07	0.000100874	1.14286e-08	1.51486e-05	1.01143e-06
2	4096	4.76851	0.0488043	5.72543e-05	5.04257e-05	1.42857e-07	0.000100629	1.42857e-08	1.51686e-05	1.02286e-06
2	4096	4.76869	0.0488043	5.726e-05	5.04229e-05	1.54286e-07	0.000100649	1.14286e-08	1.51829e-05	1.02571e-06
3	4096	3.1866	0.292113	5.72943e-05	5.04086e-05	2.2e-07	0.000100754	8.57143e-09	1.51943e-05	1.46857e-06
3	4096	3.18628	0.389105	5.72829e-05	5.04286e-05	2.11429e-07	0.000100691	8.57143e-09	1.52e-05	1.51143e-06
3	4096	3.18633	0.170607	5.72829e-05	5.04229e-05	2.05714e-07	0.000100723	2.85714e-09	1.51971e-05	1.34e-06
3	4096	3.18638	0.170607	5.72914e-05	5.044e-05	2e-07	0.000100726	2.85714e-09	1.51971e-05	1.33429e-06
3	4096	3.1868	0.267835	5.73057e-05	5.04029e-05	2.48571e-07	0.000100706	0	1.51943e-05	1.34286e-06
3	4096	3.18589	0.243546	5.72886e-05	5.04257e-05	2e-07	0.000100691	8.57143e-09	1.51914e-05	1.32857e-06
3	4096	3.18666	0.292113	5.73e-05	5.04057e-05	2.4e-07	0.00010074	8.57143e-09	1.51914e-05	1.48e-06
3	4096	3.18611	0.364875	5.72943e-05	5.04457e-05	2.22857e-07	0.0001007	8.57143e-09	1.51914e-05	1.46571e-06
3	4096	3.18604	0.267835	5.73e-05	5.04314e-05	2.25714e-07	0.000100714	0	1.51914e-05	1.33429e-06
3	4096	3.18604	0.243546	5.73143e-05	5.04171e-05	2.28571e-07	0.000100714	2.85714e-09	1.51914e-05	1.32857e-06
4	4096	2.3965	0.43753	5.74371e-05	5.04771e-05	4.74286e-07	0.000100546	2e-08	1.52114e-05	1.54571e-06
4	4096	2.39565	0.389105	5.74257e-05	5.04914e-05	4.17143e-07	0.000100614	4e-08	1.52086e-05	1.48e-06
4	4096	2.39615	0.43753	5.74114e-05	5.04914e-05	3.91429e-07	0.0001006	2.57143e-08	1.52e-05	1.48571e-06
4	4096	2.39624	0.43753	5.73971e-05	5.04829e-05	3.97143e-07	0.000100594	3.71429e-08	1.51971e-05	1.51429e-06
4	4096	2.39639	0.413324	5.74686e-05	5.05e-05	5.34286e-07	0.00010056	2.85714e-08	1.52257e-05	1.49714e-06
4	4096	2.39643	0.43753	5.744e-05	5.05143e-05	5.02857e-07	0.000100517	2.85714e-08	1.52057e-05	1.52e-06
4	4096	2.39573	0.43753	5.74457e-05	5.05143e-05	4.51429e-07	0.000100623	1.42857e-08	1.52143e-05	1.49143e-06
4	4096	2.39616	0.51008	5.748e-05	5.05114e-05	5.08571e-07	0.000100631	1.71429e-08	1.52229e-05	1.56e-06
4	4096	2.39641	0.364875	5.75086e-05	5.03743e-05	4.42857e-07	0.000100889	2e-08	1.51771e-05	1.47429e-06
4	4096	2.39569	0.485909	5.74086e-05	5.05029e-05	4.48571e-07	0.000100549	2e-08	1.52086e-05	1.52857e-06
5	4096	1.92402	0.654863	5.76029e-05	5.06457e-05	7.14286e-07	0.0001004	1.17143e-07	1.51886e-05	1.86571e-06
5	4096	1.92412	0.582524	5.76343e-05	5.05229e-05	6.94286e-07	0.00010068	7.71429e-08	1.51886e-05	1.81143e-06
5	4096	1.9242	0.70303	5.77286e-05	5.052e-05	7.45714e-07	0.000100726	9.71429e-08	1.51743e-05	1.81714e-06
5	4096	1.92401	0.654863	5.76257e-05	5.06314e-05	7.37143e-07	0.000100463	1e-07	1.52086e-05	1.77429e-06
5	4096	1.92379	0.606649	5.76086e-05	5.06486e-05	7.05714e-07	0.000100454	1.17143e-07	1.52e-05	1.74857e-06
5	4096	1.92428	0.70303	5.76486e-05	5.06314e-05	7.68571e-07	0.000100491	1.17143e-07	1.52171e-05	1.80857e-06
5	4096	1.92402	0.654863	5.76143e-05	5.06057e-05	6.94286e-07	0.000100506	1.11429e-07	1.52114e-05	1.83429e-06
5	4096	1.92413	0.678952	5.76514e-05	5.06171e-05	7.48571e-07	0.000100529	1e-07	1.52086e-05	1.8e-06
5	4096	1.92389	0.582524	5.76029e-05	5.06171e-05	7.02857e-07	0.000100483	9.14286e-08	1.52057e-05	1.74571e-06
5	4096	1.92415	0.678952	5.75971e-05	5.05457e-05	7.37143e-07	0.000100683	1e-07	1.51971e-05	1.77429e-06
6	4096	1.60721	1.0389	5.784e-05	5.07429e-05	1.13714e-06	0.000100403	1.65714e-07	1.52343e-05	2.17143e-06
6	4096	1.60706	0.895233	5.77257e-05	5.064e-05	9.08571e-07	0.000100606	1.02857e-07	1.522e-05	2.16286e-06
6	4096	1.60755	1.34875	5.78086e-05	5.07543e-05	1.00286e-06	0.000100357	1.14286e-07	1.52543e-05	2.68e-06
6	4096	1.60757	1.0628	5.78886e-05	5.078e-05	1.10857e-06	0.000100497	1.31429e-07	1.52571e-05	2.29429e-06
6	4096	1.60676	1.1583	5.78714e-05	5.078e-05	1.11429e-06	0.00010048	1.25714e-07	1.526e-05	2.37143e-06
6	4096	1.60655	1.11057	5.78343e-05	5.07543e-05	1.02571e-06	0.000100397	1.28571e-07	1.52343e-05	2.32857e-06
6	4096	1.60714	0.871249	5.78257e-05	5.07543e-05	1.00286e-06	0.000100489	1.6e-07	1.52486e-05	2.07429e-06
6	4096	1.60694	0.751151	5.78314e-05	5.07629e-05	1.01429e-06	0.000100509	1.48571e-07	1.52314e-05	2.05429e-06
6	4096	1.60785	0.967118	5.78743e-05	5.062e-05	9.48571e-07	0.000100771	1.37143e-07	1.52e-05	2.35143e-06
6	4096	1.60754	0.991056	5.78686e-05	5.078e-05	1.10286e-06	0.000100397	1.02857e-07	1.52714e-05	2.25429e-06
7	4096	1.38207	1.27742	5.79971e-05	5.08714e-05	1.21429e-06	0.000100377	1.77143e-07	1.52629e-05	2.85714e-06
7	4096	1.38193	1.1583	5.79657e-05	5.08314e-05	1.12571e-06	0.00010054	1.94286e-07	1.52257e-05	2.68571e-06
7	4096	1.38261	1.0628	5.798e-05	5.08543e-05	1.23429e-06	0.000100297	1.94286e-07	1.52057e-05	2.51429e-06
7	4096	1.38179	1.18215	5.79629e-05	5.08686e-05	1.13143e-06	0.000100494	1.97143e-07	1.524e-05	2.67714e-06
7	4096	1.38207	1.13444	5.79914e-05	5.08457e-05	1.26857e-06	0.000100411	1.4e-07	1.52543e-05	2.67714e-06
7	4096	1.38231	1.4674	5.80714e-05	5.09257e-05	1.37429e-06	0.000100331	1.82857e-07	1.52686e-05	2.94e-06
7	4096	1.38179	1.13444	5.79429e-05	5.08857e-05	1.13429e-06	0.000100446	2.11429e-07	1.52171e-05	2.74571e-06
7	4096	1.38258	1.18215	5.804e-05	5.08886e-05	1.35714e-06	0.000100306	1.17143e-07	1.528e-05	2.74857e-06
7	4096	1.3815	1.11057	5.80543e-05	5.07886e-05	1.19429e-06	0.000100723	2.37143e-07	1.51886e-05	2.67714e-06
7	4096	1.38266	1.0628	5.80343e-05	5.08829e-05	1.28e-06	0.000100383	1.85714e-07	1.52686e-05	2.55429e-06
8	4096	1.21122	1.4437	5.82171e-05	5.10286e-05	1.50286e-06	0.000100426	3.88571e-07	1.51514e-05	3.18857e-06
8	4096	1.21166	1.75102	5.818e-05	5.10171e-05	1.40571e-06	0.000100423	3.97143e-07	1.51171e-05	3.62571e-06
8	4096	1.2113	1.58578	5.82429e-05	5.10629e-05	1.46857e-06	0.000100474	3.91429e-07	1.51486e-05	3.61714e-06
8	4096	1.21116	1.51479	5.816e-05	5.10286e-05	1.34857e-06	0.000100529	3.65714e-07	1.51857e-05	3.29714e-06
8	4096	1.21142	1.70386	5.82743e-05	5.10629e-05	1.49143e-06	0.000100474	3.74286e-07	1.52029e-05	3.48857e-06
8	4096	1.21188	2.05643	5.83743e-05	5.11114e-05	1.73143e-06	0.000100374	4.71429e-07	1.51429e-05	3.80286e-06
8	4096	1.21082	1.4437	5.81714e-05	5.10229e-05	1.34286e-06	0.000100449	3.65714e-07	1.51457e-05	3.27714e-06
8	4096	1.21093	1.63305	5.83486e-05	5.1e-05	1.62e-06	0.000100583	4.71429e-07	1.50829e-05	3.43714e-06
8	4096	1.21103	1.58578	5.82457e-05	5.10514e-05	1.47143e-06	0.000100454	3.94286e-07	1.51829e-05	3.3e-06
8	4096	1.21224	1.77458	5.82771e-05	5.10629e-05	1.50286e-06	0.000100494	4.11429e-07	1.51457e-05	3.88857e-06
9	4096	1.08108	2.40648	5.85943e-05	5.12571e-05	2.01143e-06	0.000100291	6.28571e-07	1.50714e-05	4.73143e-06
9	4096	1.08047	2.03301	5.84543e-05	5.12171e-05	1.72286e-06	0.000100506	5.11429e-07	1.50886e-05	4.15143e-06
9	4096	1.08195	2.59215	5.85914e-05	5.126e-05	1.94857e-06	0.000100389	5.2e-07	1.51514e-05	4.71429e-06
9	4096	1.08269	2.29008	5.86229e-05	5.13e-05	2.00571e-06	0.000100263	5.11429e-07	1.51514e-05	4.41714e-06
9	4096	1.08108	2.4994	5.86229e-05	5.12686e-05	2.12e-06	0.000100143	5.97143e-07	1.50514e-05	4.68286e-06
9	4096	1.08259	2.33667	5.86886e-05	5.13543e-05	2.21429e-06	0.00010016	4.91429e-07	1.51971e-05	4.42286e-06
9	4096	1.08183	2.33667	5.86771e-05	5.12086e-05	2.03143e-06	0.00010036	4.42857e-07	1.51743e-05	4.62571e-06
9	4096	1.0809	1.98612	5.84971e-05	5.11971e-05	1.82571e-06	0.00010052	4.85714e-07	1.514e-05	4.13429e-06
9	4096	1.08213	2.17339	5.85371e-05	5.12343e-05	1.88571e-06	0.000100363	4.51429e-07	1.51629e-05	4.49714e-06
9	4096	1.08158	2.15002	5.87086e-05	5.11829e-05	2.22857e-06	0.000100243	5.68571e-07	1.50629e-05	4.25143e-06
10	4096	0.976306	2.75404	5.90257e-05	5.16029e-05	2.58857e-06	0.000100237	1.09429e-06	1.48229e-05	5.24857e-06
10	4096	0.976241	2.73094	5.90886e-05	5.15229e-05	2.79143e-06	0.000100129	1.19429e-06	1.47e-05	4.80571e-06
10	4096	0.97652	2.91538	5.91571e-05	5.16086e-05	2.87429e-06	9.99657e-05	1.14571e-06	1.47314e-05	5.33429e-06
10	4096	0.977647	2.98437	5.92571e-05	5.16343e-05	3.03429e-06	9.99629e-05	1.06286e-06	1.48743e-05	5.06857e-06
10	4096	0.978026	3.09912	5.91914e-05	5.15886e-05	3.01429e-06	0.000100017	1.19429e-06	1.47514e-05	5.34571e-06
10	4096	0.976297	2.86934	5.93229e-05	5.15657e-05	3.06286e-06	0.000100054	1.12e-06	1.48029e-05	5.16286e-06
10	4096	0.976272	2.35995	5.90857e-05	5.15771e-05	2.74e-06	0.000100157	1.20286e-06	1.474e-05	4.74286e-06
10	4096	0.977176	2.59215	5.90829e-05	5.15514e-05	2.83714e-06	9.99829e-05	1.22e-06	1.46686e-05	4.66571e-06
10	4096	0.976683	2.89237	5.91086e-05	5.15857e-05	2.80857e-06	0.000100131	1.05714e-06	1.48429e-05	5.12e-06
10	4096	0.976115	3.00734	5.92086e-05	5.16343e-05	2.90286e-06	0.000100006	1.00571e-06	1.49514e-05	5.18857e-06
11	4096	0.893509	4.41074	6.01486e-05	5.21057e-05	4.68857e-06	9.89657e-05	1.57429e-06	1.466e-05	6.5e-06
11	4096	0.89351	4.98724	6.01743e-05	5.208e-05	4.6e-06	9.91171e-05	1.88e-06	1.44114e-05	7.20857e-06
11	4096	0.89367	4.85482	6.02257e-05	5.20571e-05	4.50571e-06	9.94829e-05	1.96286e-06	1.432e-05	7.18286e-06
11	4096	0.893983	5.51326	6.01286e-05	5.20714e-05	4.42571e-06	9.93914e-05	1.59714e-06	1.468e-05	7.86857e-06
11	4096	0.893938	5.0313	6.01429e-05	5.20457e-05	4.60286e-06	9.90029e-05	1.77429e-06	1.444e-05	7.22571e-06
11	4096	0.894445	4.92108	6.02114e-05	5.19571e-05	4.64286e-06	9.92886e-05	1.82571e-06	1.44429e-05	7.12571e-06
11	4096	0.894006	4.72203	6.01829e-05	5.21514e-05	4.62286e-06	9.90657e-05	1.84571e-06	1.44286e-05	7.05429e-06
11	4096	0.894367	4.83271	6.02057e-05	5.21114e-05	4.71429e-06	9.90457e-05	1.89714e-06	1.43914e-05	7.27143e-06
11	4096	0.894358	4.5444	6.01886e-05	5.21371e-05	4.75429e-06	9.90343e-05	1.88286e-06	1.44286e-05	6.94286e-06
11	4096	0.893088	4.2767	6.02086e-05	5.20486e-05	4.53429e-06	9.95343e-05	1.81714e-06	1.44457e-05	6.68857e-06
12	4096	0.866882	6.24857	6.29114e-05	5.43e-05	6.32286e-06	0.000103194	2.38286e-06	1.45943e-05	1.03543e-05
12	4096	0.867464	5.90397	6.29771e-05	5.42857e-05	6.55143e-06	0.000102903	2.25429e-06	1.48e-05	9.86571e-06
12	4096	0.866506	6.39854	6.29571e-05	5.42029e-05	6.48e-06	0.000102989	2.25714e-06	1.47514e-05	9.89429e-06
12	4096	0.866741	6.01193	6.298e-05	5.42971e-05	6.36571e-06	0.000103246	2.3e-06	1.47343e-05	9.36857e-06
12	4096	0.867078	6.35574	6.28457e-05	5.41714e-05	6.36286e-06	0.000102957	2.35714e-06	1.46314e-05	9.94857e-06
12	4096	0.866299	6.3129	6.30457e-05	5.434e-05	6.45714e-06	0.000103134	2.27143e-06	1.47714e-05	9.87143e-06
12	4096	0.867672	6.37714	6.31543e-05	5.44257e-05	6.75143e-06	0.00010294	2.36286e-06	1.46743e-05	9.92571e-06
12	4096	0.867667	6.71829	6.30886e-05	5.43829e-05	6.53714e-06	0.000103106	2.33143e-06	1.47543e-05	1.04114e-05
12	4096	0.867387	6.5267	6.306e-05	5.43286e-05	6.51143e-06	0.000103134	1.99143e-06	1.49914e-05	9.74571e-06
12	4096	0.86795	5.73072	6.30629e-05	5.43143e-05	6.52286e-06	0.000103117	2.14857e-06	1.486e-05	8.80857e-06
