N_THREADS	N_TRANSACTIONS	TIME	N_ABORTS	PROCESS_READ_TIME	PROCESS_WRITE_TIME	PROCESS_VALIDATION_TIME	PROCESS_OTHER_TIME	COMMIT_VALIDATION_TIME	COMMIT_OTHER_TIME	WASTED_TIME
1	100	0.0160496	0	4.98857e-05	0	0	3.54743e-05	0	2.77714e-06	1.01143e-06
1	100	0.0160416	0	4.98171e-05	0	0	3.54457e-05	0	2.75143e-06	1.06571e-06
1	100	0.0160517	0	4.98829e-05	0	0	3.54857e-05	0	2.75714e-06	1.05143e-06
1	100	0.0160506	0	4.98743e-05	0	0	3.54886e-05	0	2.75429e-06	1.04571e-06
1	100	0.0160539	0	4.98743e-05	0	0	3.54914e-05	0	2.77429e-06	1.04571e-06
1	100	0.0160485	0	4.984e-05	0	0	3.54914e-05	0	2.78571e-06	1.00286e-06
1	100	0.0160456	0	4.98286e-05	0	0	3.54886e-05	0	2.77714e-06	1.03429e-06
1	100	0.0160486	0	4.98514e-05	0	0	3.54914e-05	0	2.78857e-06	1.00571e-06
1	100	0.0160613	0	4.99314e-05	0	0	3.55343e-05	0	2.78e-06	1.02857e-06
1	100	0.0160616	0	4.99629e-05	0	0	3.55229e-05	0	2.76857e-06	1.02857e-06
2	200	0.0166347	0	5.276e-05	3.42857e-08	4.85714e-08	3.72143e-05	0	2.97143e-06	1.04857e-06
2	200	0.0166327	0	5.26886e-05	3.42857e-08	5.14286e-08	3.71486e-05	0	2.98e-06	1.02857e-06
2	200	0.0166244	0	5.27571e-05	3.42857e-08	4e-08	3.71686e-05	0	2.96e-06	1.05714e-06
2	200	0.0166349	0	5.27029e-05	3.42857e-08	5.42857e-08	3.72e-05	0	2.97143e-06	1.05143e-06
2	200	0.016624	0	5.268e-05	3.42857e-08	4.85714e-08	3.71371e-05	0	2.99143e-06	1.04286e-06
2	200	0.0166261	0	5.27257e-05	3.42857e-08	4.57143e-08	3.718e-05	0	2.97429e-06	1.03714e-06
2	200	0.0166173	0	5.26257e-05	3.42857e-08	4.85714e-08	3.71314e-05	0	2.96571e-06	1.02571e-06
2	200	0.0166245	0	5.264e-05	3.42857e-08	5.42857e-08	3.71571e-05	0	2.96857e-06	1.03714e-06
2	200	0.0166322	0	5.27371e-05	3.14286e-08	5.14286e-08	3.71971e-05	0	2.96857e-06	1.01714e-06
2	200	0.0166207	0	5.26543e-05	3.42857e-08	4.85714e-08	3.716e-05	0	2.97714e-06	9.97143e-07
3	300	0.0178281	0	5.86914e-05	4.57143e-08	4.57143e-08	4.05686e-05	0	3.21429e-06	1.07143e-06
3	300	0.0178186	0	5.86571e-05	4.57143e-08	8e-08	4.04657e-05	0	3.21143e-06	1.09714e-06
3	300	0.0178156	0	5.864e-05	4.57143e-08	6.28571e-08	4.04943e-05	0	3.22286e-06	1.09143e-06
3	300	0.0178273	0	5.86829e-05	4.57143e-08	5.14286e-08	4.05571e-05	0	3.22286e-06	1.08571e-06
3	300	0.0178242	0	5.86943e-05	4.57143e-08	6.85714e-08	4.04943e-05	0	3.23143e-06	1.09714e-06
3	300	0.0178272	0	5.86686e-05	4.57143e-08	8e-08	4.05029e-05	0	3.20571e-06	1.07714e-06
3	300	0.0178117	0	5.86e-05	4.57143e-08	4.85714e-08	4.05143e-05	0	3.22e-06	1.08e-06
3	300	0.0178012	0	5.85314e-05	4.57143e-08	6.57143e-08	4.04771e-05	0	3.21143e-06	1.07714e-06
3	300	0.0178091	0	5.85714e-05	4.57143e-08	6.85714e-08	4.052e-05	0	3.22571e-06	1.07714e-06
3	300	0.0177929	0	5.84914e-05	4.57143e-08	6.85714e-08	4.04457e-05	0	3.22e-06	1.11429e-06
4	400	0.0194038	0	6.67e-05	4.57143e-08	1.11429e-07	4.48543e-05	0	3.57143e-06	1.15714e-06
4	400	0.0194306	0	6.68771e-05	4.28571e-08	1.17143e-07	4.48886e-05	0	3.63714e-06	1.17429e-06
4	400	0.0194131	0	6.678e-05	4.57143e-08	9.42857e-08	4.48114e-05	0	3.59143e-06	1.18857e-06
4	400	0.0194107	0	6.68343e-05	4e-08	7.14286e-08	4.496e-05	0	3.60857e-06	1.18857e-06
4	400	0.0194241	0	6.67229e-05	4.57143e-08	1.6e-07	4.48143e-05	0	3.65429e-06	1.18571e-06
4	400	0.019413	0	6.68057e-05	4.28571e-08	7.71429e-08	4.49057e-05	0	3.58857e-06	1.16857e-06
4	400	0.0194114	0	6.68314e-05	4.28571e-08	8e-08	4.49029e-05	0	3.57714e-06	1.18571e-06
4	400	0.0193937	0	6.66457e-05	4e-08	8.57143e-08	4.49257e-05	0	3.59143e-06	1.18286e-06
4	400	0.0194095	0	6.67543e-05	4.85714e-08	8.28571e-08	4.48971e-05	0	3.59429e-06	1.18e-06
4	400	0.0193937	0	6.65514e-05	4.57143e-08	1.02857e-07	4.49286e-05	0	3.55143e-06	1.17714e-06
5	500	0.0211404	0.199601	7.56143e-05	4.57143e-08	2.28571e-07	4.93257e-05	0	4.20571e-06	1.62e-06
5	500	0.0211436	0.199601	7.53714e-05	4.85714e-08	2.85714e-07	4.93286e-05	0	4.21714e-06	1.60857e-06
5	500	0.0211096	0.199601	7.52943e-05	4.85714e-08	2.14286e-07	4.93314e-05	0	4.16e-06	1.63143e-06
5	500	0.021085	0	7.50857e-05	4.85714e-08	3.6e-07	4.90514e-05	0	4.16286e-06	1.31143e-06
5	500	0.0210967	0	7.506e-05	4.85714e-08	2.71429e-07	4.91943e-05	0	4.21714e-06	1.33714e-06
5	500	0.0211163	0.199601	7.55771e-05	5.42857e-08	1.88571e-07	4.93914e-05	0	4.18857e-06	1.60286e-06
5	500	0.0211324	0	7.54571e-05	5.71429e-08	2.17143e-07	4.94229e-05	0	4.18e-06	1.37714e-06
5	500	0.0210656	0	7.48486e-05	5.14286e-08	3.34286e-07	4.89857e-05	0	4.16857e-06	1.31714e-06
5	500	0.0211626	0.199601	7.55229e-05	5.14286e-08	3.08571e-07	4.934e-05	0	4.19143e-06	1.69143e-06
5	500	0.0210816	0	7.50314e-05	5.14286e-08	3.11429e-07	4.91029e-05	0	4.16571e-06	1.35143e-06
6	600	0.0245684	0.497512	9.57771e-05	6e-08	2.25714e-07	6.03429e-05	0	5.07429e-06	2.55429e-06
6	600	0.0246547	0.826446	9.60686e-05	6.28571e-08	5.34286e-07	6.02743e-05	0	5.10286e-06	3.31429e-06
6	600	0.0246917	0.826446	9.70286e-05	6e-08	3.11429e-07	6.08371e-05	0	5.06286e-06	3.23143e-06
6	600	0.0247563	1.15321	9.66743e-05	7.42857e-08	3.17143e-07	6.06629e-05	0	5.09714e-06	4.62286e-06
6	600	0.0249556	0.990099	9.656e-05	6.28571e-08	3.6e-07	6.04486e-05	0	5.04e-06	3.64e-06
6	600	0.0247356	0.990099	9.72114e-05	6.57143e-08	3.77143e-07	6.05686e-05	0	5.03143e-06	3.69714e-06
6	600	0.0246079	0.662252	9.56086e-05	6.28571e-08	3.08571e-07	6.02371e-05	0	5.11143e-06	2.81143e-06
6	600	0.0246034	0.497512	9.60657e-05	5.71429e-08	2.51429e-07	6.04314e-05	0	5.10857e-06	2.50571e-06
6	600	0.0246639	0.497512	9.65057e-05	6e-08	3.2e-07	6.04086e-05	0	5.04e-06	2.57143e-06
6	600	0.0246259	0.826446	9.60543e-05	6.85714e-08	3e-07	6.024e-05	0	5.08e-06	3.69143e-06
7	700	0.0300786	1.26939	0.000127826	6.85714e-08	5.71429e-07	7.622e-05	0	6.12571e-06	4.79714e-06
7	700	0.0299038	1.12994	0.000127251	6.85714e-08	5.4e-07	7.62029e-05	0	6.22286e-06	4.26e-06
7	700	0.0300757	1.54712	0.000127046	7.42857e-08	5.51429e-07	7.59286e-05	0	6.24286e-06	5.70571e-06
7	700	0.0301076	1.40845	0.000127226	7.71429e-08	3.82857e-07	7.61629e-05	0	6.18571e-06	5.07429e-06
7	700	0.0300343	1.54712	0.000126511	7.71429e-08	4.65714e-07	7.59143e-05	0	6.23143e-06	5.84e-06
7	700	0.0300493	1.26939	0.000127517	7.14286e-08	4.65714e-07	7.61371e-05	0	6.21143e-06	4.82286e-06
7	700	0.0301527	1.26939	0.000127877	8e-08	6.97143e-07	7.62886e-05	0	6.22286e-06	4.57714e-06
7	700	0.0300731	1.68539	0.000127514	8e-08	6.4e-07	7.60543e-05	0	6.22e-06	6.15714e-06
7	700	0.0299829	1.40845	0.000127389	6.57143e-08	4.8e-07	7.62457e-05	0	6.15714e-06	5.24857e-06
7	700	0.0299776	1.54712	0.0001267	7.14286e-08	6e-07	7.59514e-05	0	6.19143e-06	5.76571e-06
8	800	0.0337165	1.23457	0.000148843	8.57143e-08	8.74286e-07	8.63114e-05	0	7.31143e-06	5.77429e-06
8	800	0.0338096	1.59902	0.000148537	7.14286e-08	4.8e-07	8.65343e-05	0	7.18286e-06	6.39714e-06
8	800	0.0337738	1.35635	0.000148803	7.42857e-08	6.94286e-07	8.64829e-05	0	7.33143e-06	6.24571e-06
8	800	0.0337029	1.35635	0.000148203	7.42857e-08	7.54286e-07	8.64714e-05	0	7.34286e-06	6.19429e-06
8	800	0.0337573	1.35635	0.0001488	7.14286e-08	7.74286e-07	8.66943e-05	0	7.29429e-06	6.23714e-06
8	800	0.0337705	1.35635	0.000148589	7.14286e-08	7.17143e-07	8.64657e-05	0	7.18857e-06	5.62286e-06
8	800	0.0337025	1.23457	0.000148117	8e-08	9.05714e-07	8.62743e-05	0	7.38286e-06	5.80286e-06
8	800	0.0337443	1.59902	0.000149031	8e-08	5.4e-07	8.69286e-05	0	7.35714e-06	7.21143e-06
8	800	0.0337387	1.47783	0.000147794	7.14286e-08	6.85714e-07	8.62943e-05	0	7.33429e-06	6.76857e-06
8	800	0.0338453	1.35635	0.000149126	7.71429e-08	7.65714e-07	8.66971e-05	0	7.24286e-06	6.22571e-06
9	900	0.0378864	1.20746	0.000172606	1.05714e-07	1.3e-06	9.80286e-05	0	8.59143e-06	6.19714e-06
9	900	0.0378763	1.0989	0.000173186	9.42857e-08	1.10571e-06	9.81714e-05	0	8.58e-06	5.51714e-06
9	900	0.0380108	0.990099	0.000173494	9.71429e-08	1.55143e-06	9.81229e-05	0	8.56286e-06	5.34e-06
9	900	0.0380697	1.0989	0.000172551	1e-07	1.28286e-06	9.784e-05	0	8.62571e-06	5.58e-06
9	900	0.0379693	1.31579	0.000173106	9.14286e-08	1.13143e-06	9.81286e-05	0	8.55429e-06	6.45143e-06
9	900	0.0381654	1.42388	0.000172783	9.71429e-08	1.19429e-06	9.79543e-05	0	8.57714e-06	7.10857e-06
9	900	0.0380942	1.42388	0.000173274	1.02857e-07	1.14857e-06	9.81886e-05	0	8.60286e-06	7.20571e-06
9	900	0.0380477	1.42388	0.000172689	8.85714e-08	8.54286e-07	9.82571e-05	0	8.5e-06	6.68857e-06
9	900	0.0380119	1.53173	0.000172974	9.71429e-08	9.25714e-07	9.81114e-05	0	8.42571e-06	6.99429e-06
9	900	0.0381166	1.20746	0.000173117	1.05714e-07	1.31143e-06	9.78171e-05	0	8.54857e-06	5.99143e-06
10	1000	0.0422032	1.18577	0.000197169	1.2e-07	1.45429e-06	0.00010976	0	9.86286e-06	6.63429e-06
10	1000	0.0422105	1.28332	0.000197591	1.02857e-07	1.62e-06	0.000110103	0	9.80857e-06	7.36571e-06
10	1000	0.0423506	1.67158	0.00019782	1.2e-07	1.62e-06	0.000109931	0	9.80286e-06	9.48286e-06
10	1000	0.0422976	1.47783	0.000197797	1.11429e-07	1.51714e-06	0.000109989	0	9.81714e-06	8.46286e-06
10	1000	0.0421689	1.38067	0.00019722	1.08571e-07	1.54857e-06	0.000109711	0	9.84e-06	7.85714e-06
10	1000	0.0426399	1.67158	0.000197397	1.14286e-07	1.67143e-06	0.00010958	0	9.89143e-06	9.97429e-06
10	1000	0.0421964	1.38067	0.000197323	1.08571e-07	1.78286e-06	0.000109546	0	9.81429e-06	7.99429e-06
10	1000	0.0422427	1.38067	0.000197866	1.11429e-07	1.42e-06	0.000110014	0	9.82286e-06	7.85143e-06
10	1000	0.0422453	1.38067	0.000197894	1.17143e-07	1.70571e-06	0.000109863	0	9.80571e-06	7.87714e-06
10	1000	0.0422545	1.38067	0.000198337	1.22857e-07	1.50571e-06	0.000110146	0	9.81429e-06	7.86e-06
11	1100	0.0507677	2.48227	0.000242069	1.25714e-07	1.89143e-06	0.000131086	0	1.11314e-05	1.43943e-05
11	1100	0.0506844	2.13523	0.000243611	1.31429e-07	2.14857e-06	0.0001314	0	1.11886e-05	1.252e-05
11	1100	0.0508686	1.78571	0.000242311	1.25714e-07	2.35429e-06	0.000130791	0	1.11029e-05	1.07771e-05
11	1100	0.0505701	1.69794	0.000241889	1.22857e-07	2.00286e-06	0.000131166	0	1.11171e-05	1.02229e-05
11	1100	0.0504355	2.30906	0.000242743	1.28571e-07	2.22857e-06	0.000131263	0	1.11886e-05	1.25971e-05
11	1100	0.0504508	1.96078	0.000242549	1.25714e-07	2.2e-06	0.000130991	0	1.10971e-05	1.082e-05
11	1100	0.0508439	2.56864	0.000242371	1.28571e-07	1.96e-06	0.00013132	0	1.11629e-05	1.47571e-05
11	1100	0.0506542	1.96078	0.000242289	1.22857e-07	1.71143e-06	0.000131357	0	1.11914e-05	1.13429e-05
11	1100	0.0505938	1.69794	0.000242423	1.22857e-07	1.91143e-06	0.000130977	0	1.10771e-05	1.01743e-05
11	1100	0.0507077	1.87333	0.000242703	1.28571e-07	2.52e-06	0.0001308	0	1.108e-05	1.15657e-05
12	1200	0.0547588	1.80033	0.000265151	1.2e-07	1.58286e-06	0.000142843	0	1.23e-05	1.256e-05
12	1200	0.0548416	1.88062	0.000265571	1.22857e-07	1.93143e-06	0.00014246	0	1.23057e-05	1.248e-05
12	1200	0.0548171	1.80033	0.000265397	1.25714e-07	1.97714e-06	0.000142454	0	1.23286e-05	1.24229e-05
12	1200	0.0548687	1.7199	0.000265711	1.28571e-07	1.89143e-06	0.00014264	0	1.23686e-05	1.25057e-05
12	1200	0.0545961	1.80033	0.000265371	1.25714e-07	2.06857e-06	0.00014216	0	1.23429e-05	1.168e-05
12	1200	0.0547186	1.96078	0.000265446	1.34286e-07	2.4e-06	0.00014184	0	1.23743e-05	1.27171e-05
12	1200	0.0547133	1.96078	0.000265843	1.37143e-07	2.53143e-06	0.000142137	0	1.23886e-05	1.23171e-05
12	1200	0.0547676	1.63934	0.000265457	1.2e-07	1.91714e-06	0.000142534	0	1.23371e-05	1.17143e-05
12	1200	0.0544267	1.7199	0.000265026	1.34286e-07	2.26e-06	0.00014192	0	1.242e-05	1.02229e-05
12	1200	0.0546506	1.88062	0.000265837	1.22857e-07	2.24857e-06	0.000142014	0	1.22943e-05	1.23543e-05
