N_THREADS	N_TRANSACTIONS	TIME	N_ABORTS	PROCESS_READ_TIME	PROCESS_WRITE_TIME	PROCESS_VALIDATION_TIME	PROCESS_OTHER_TIME	COMMIT_VALIDATION_TIME	COMMIT_OTHER_TIME	WASTED_TIME
1	100	0.00999433	0	1.57229e-05	0	0	1.72657e-05	0	4.71429e-07	3.77143e-07
1	100	0.00999602	0	1.57514e-05	0	0	1.72429e-05	0	4.68571e-07	3.8e-07
1	100	0.00999461	0	1.57257e-05	0	0	1.726e-05	0	4.71429e-07	3.74286e-07
1	100	0.00999314	0	1.574e-05	0	0	1.72314e-05	0	4.68571e-07	3.77143e-07
1	100	0.00999598	0	1.57429e-05	0	0	1.726e-05	0	4.71429e-07	3.74286e-07
1	100	0.00999497	0	1.57314e-05	0	0	1.72686e-05	0	4.71429e-07	3.71429e-07
1	100	0.00999648	0	1.576e-05	0	0	1.72486e-05	0	4.68571e-07	3.77143e-07
1	100	0.00999479	0	1.57371e-05	0	0	1.72629e-05	0	4.71429e-07	3.68571e-07
1	100	0.0099941	0	1.57257e-05	0	0	1.72686e-05	0	4.71429e-07	3.74286e-07
1	100	0.00999634	0	1.57629e-05	0	0	1.72543e-05	0	4.71429e-07	3.74286e-07
2	200	0.0100476	0	1.60114e-05	5.71429e-09	0	1.75743e-05	0	4.85714e-07	3.74286e-07
2	200	0.0100464	0	1.60257e-05	5.71429e-09	0	1.75629e-05	0	4.85714e-07	3.74286e-07
2	200	0.0100452	0	1.60143e-05	5.71429e-09	0	1.75629e-05	0	4.82857e-07	3.77143e-07
2	200	0.0100464	0	1.60057e-05	5.71429e-09	0	1.75657e-05	0	4.82857e-07	3.74286e-07
2	200	0.0100453	0	1.60143e-05	5.71429e-09	0	1.75629e-05	0	4.82857e-07	3.77143e-07
2	200	0.0100472	0	1.60114e-05	5.71429e-09	0	1.75771e-05	0	4.82857e-07	3.74286e-07
2	200	0.010047	0	1.60343e-05	5.71429e-09	0	1.75543e-05	0	4.82857e-07	3.74286e-07
2	200	0.0100456	0	1.60286e-05	5.71429e-09	0	1.75543e-05	0	4.82857e-07	3.74286e-07
2	200	0.0100458	0	1.60171e-05	5.71429e-09	0	1.75743e-05	0	4.85714e-07	3.74286e-07
2	200	0.0100446	0	1.60143e-05	5.71429e-09	0	1.75686e-05	0	4.85714e-07	3.71429e-07
3	300	0.0102546	0	1.672e-05	5.71429e-09	1.42857e-08	1.82657e-05	0	4.85714e-07	3.74286e-07
3	300	0.0102529	0	1.67143e-05	5.71429e-09	1.14286e-08	1.82743e-05	0	4.91429e-07	3.68571e-07
3	300	0.0102547	0	1.67286e-05	5.71429e-09	2e-08	1.82543e-05	0	4.85714e-07	3.71429e-07
3	300	0.0102563	0	1.67486e-05	5.71429e-09	2e-08	1.82343e-05	0	4.85714e-07	3.77143e-07
3	300	0.0102545	0	1.67286e-05	5.71429e-09	1.42857e-08	1.82486e-05	0	4.85714e-07	3.71429e-07
3	300	0.0102551	0	1.674e-05	5.71429e-09	2e-08	1.82429e-05	0	4.85714e-07	3.77143e-07
3	300	0.0102534	0	1.67171e-05	5.71429e-09	2e-08	1.82543e-05	0	4.88571e-07	3.74286e-07
3	300	0.0102525	0	1.67429e-05	5.71429e-09	1.14286e-08	1.82457e-05	0	4.85714e-07	3.74286e-07
3	300	0.010255	0	1.67371e-05	5.71429e-09	2e-08	1.82486e-05	0	4.88571e-07	3.71429e-07
3	300	0.0102538	0	1.67429e-05	5.71429e-09	2e-08	1.82371e-05	0	4.88571e-07	3.74286e-07
4	400	0.0104907	0.249377	1.73171e-05	5.71429e-09	8e-08	1.87743e-05	0	4.88571e-07	4.97143e-07
4	400	0.0104885	0.249377	1.73314e-05	5.71429e-09	8e-08	1.87514e-05	0	4.82857e-07	5.02857e-07
4	400	0.0104855	0.249377	1.73029e-05	5.71429e-09	8e-08	1.87657e-05	0	4.85714e-07	5e-07
4	400	0.0104857	0.249377	1.73086e-05	5.71429e-09	7.71429e-08	1.87714e-05	0	4.82857e-07	5e-07
4	400	0.0104863	0.249377	1.732e-05	5.71429e-09	7.71429e-08	1.87629e-05	0	4.85714e-07	5.05714e-07
4	400	0.0104875	0.249377	1.73257e-05	5.71429e-09	7.42857e-08	1.87629e-05	0	4.82857e-07	5.02857e-07
4	400	0.0104855	0.249377	1.73086e-05	5.71429e-09	8e-08	1.876e-05	0	4.82857e-07	5.02857e-07
4	400	0.0104869	0.249377	1.73314e-05	5.71429e-09	7.71429e-08	1.87571e-05	0	4.85714e-07	5.05714e-07
4	400	0.0104854	0.249377	1.73143e-05	5.71429e-09	8e-08	1.87629e-05	0	4.88571e-07	5e-07
4	400	0.0104853	0.249377	1.73143e-05	5.71429e-09	8.28571e-08	1.87543e-05	0	4.82857e-07	5e-07
5	500	0.0105205	0.199601	1.72257e-05	5.71429e-09	7.71429e-08	1.86571e-05	0	4.85714e-07	4.71429e-07
5	500	0.0105194	0.199601	1.72114e-05	5.71429e-09	7.71429e-08	1.86543e-05	0	4.88571e-07	4.77143e-07
5	500	0.010518	0.199601	1.72114e-05	5.71429e-09	7.71429e-08	1.86543e-05	0	4.88571e-07	4.74286e-07
5	500	0.0105213	0.199601	1.72257e-05	5.71429e-09	7.71429e-08	1.86457e-05	0	4.85714e-07	4.82857e-07
5	500	0.0105181	0.199601	1.722e-05	5.71429e-09	8e-08	1.86486e-05	0	4.85714e-07	4.68571e-07
5	500	0.0105161	0.199601	1.72143e-05	5.71429e-09	7.71429e-08	1.86486e-05	0	4.82857e-07	4.74286e-07
5	500	0.010515	0.199601	1.71971e-05	5.71429e-09	8e-08	1.86543e-05	0	4.85714e-07	4.74286e-07
5	500	0.0105181	0.199601	1.72057e-05	5.71429e-09	7.71429e-08	1.86543e-05	0	4.85714e-07	4.77143e-07
5	500	0.0105207	0.199601	1.72086e-05	5.71429e-09	7.42857e-08	1.866e-05	0	4.85714e-07	4.8e-07
5	500	0.0105206	0.199601	1.72314e-05	5.71429e-09	7.71429e-08	1.86457e-05	0	4.85714e-07	4.71429e-07
6	600	0.0108194	0.497512	1.86943e-05	0	7.14286e-08	2.014e-05	0	4.82857e-07	6.34286e-07
6	600	0.0108189	0.497512	1.87114e-05	0	6.85714e-08	2.01343e-05	0	4.82857e-07	6.22857e-07
6	600	0.0108208	0.497512	1.87143e-05	0	7.14286e-08	2.014e-05	0	4.82857e-07	6.37143e-07
6	600	0.0108183	0.497512	1.86971e-05	0	7.14286e-08	2.01343e-05	0	4.82857e-07	6.28571e-07
6	600	0.0108165	0.497512	1.86943e-05	0	7.14286e-08	2.01371e-05	0	4.8e-07	6.31429e-07
6	600	0.0108182	0.497512	1.87e-05	0	6.85714e-08	2.01314e-05	0	4.82857e-07	6.34286e-07
6	600	0.0108171	0.497512	1.86829e-05	0	7.14286e-08	2.01429e-05	0	4.82857e-07	6.25714e-07
6	600	0.0108146	0.497512	1.86886e-05	0	7.14286e-08	2.014e-05	0	4.82857e-07	6.17143e-07
6	600	0.0108173	0.497512	1.86829e-05	0	6.57143e-08	2.01514e-05	0	4.82857e-07	6.31429e-07
6	600	0.010816	0.497512	1.86914e-05	0	7.14286e-08	2.01343e-05	0	4.82857e-07	6.22857e-07
7	700	0.0111244	0.2849	2.058e-05	0	6.85714e-08	2.19857e-05	0	4.82857e-07	4.6e-07
7	700	0.0111243	0.2849	2.05857e-05	0	7.14286e-08	2.19857e-05	0	4.82857e-07	4.48571e-07
7	700	0.0111261	0.426743	2.05771e-05	0	6e-08	2.20143e-05	0	4.82857e-07	5.22857e-07
7	700	0.0111223	0.2849	2.05629e-05	0	7.71429e-08	2.198e-05	0	4.8e-07	4.62857e-07
7	700	0.0111236	0.2849	2.05857e-05	0	7.14286e-08	2.19943e-05	0	4.82857e-07	4.57143e-07
7	700	0.0111224	0.426743	2.05657e-05	0	5.71429e-08	2.20057e-05	0	4.82857e-07	5.28571e-07
7	700	0.0111207	0.426743	2.05657e-05	0	6.28571e-08	2.2e-05	0	4.82857e-07	5.2e-07
7	700	0.0111204	0.426743	2.05657e-05	0	5.71429e-08	2.2e-05	0	4.82857e-07	5.28571e-07
7	700	0.0111224	0.2849	2.05857e-05	0	7.14286e-08	2.19829e-05	0	4.82857e-07	4.54286e-07
7	700	0.0111208	0.2849	2.05686e-05	0	6.85714e-08	2.19914e-05	0	4.8e-07	4.51429e-07
8	800	0.0111287	0.373599	2.05143e-05	0	6.85714e-08	2.19143e-05	0	4.77143e-07	4.85714e-07
8	800	0.0111315	0.373599	2.05257e-05	0	7.42857e-08	2.19171e-05	0	4.8e-07	4.88571e-07
8	800	0.0111296	0.373599	2.05171e-05	0	9.14286e-08	2.18857e-05	0	4.77143e-07	5.11429e-07
8	800	0.0111269	0.373599	2.05257e-05	0	7.42857e-08	2.19143e-05	0	4.74286e-07	4.94286e-07
8	800	0.0111307	0.621118	2.05286e-05	0	5.42857e-08	2.19229e-05	0	4.77143e-07	6.11429e-07
8	800	0.0111268	0.373599	2.05171e-05	0	7.14286e-08	2.19086e-05	0	4.74286e-07	4.88571e-07
8	800	0.0111242	0.373599	2.05086e-05	0	7.42857e-08	2.19029e-05	0	4.77143e-07	4.85714e-07
8	800	0.0111263	0.373599	2.05114e-05	0	7.14286e-08	2.19029e-05	0	4.77143e-07	4.82857e-07
8	800	0.0111253	0.373599	2.05114e-05	0	7.14286e-08	2.19057e-05	0	4.8e-07	4.91429e-07
8	800	0.0111259	0.373599	2.052e-05	0	7.42857e-08	2.19e-05	0	4.8e-07	4.88571e-07
9	900	0.0111786	0.442478	2.07286e-05	0	1.37143e-07	2.20286e-05	0	4.74286e-07	5.31429e-07
9	900	0.0111768	0.442478	2.07286e-05	0	1.34286e-07	2.20229e-05	0	4.74286e-07	5.34286e-07
9	900	0.0111765	0.442478	2.07343e-05	0	1.28571e-07	2.204e-05	0	4.74286e-07	5.34286e-07
9	900	0.0111847	0.332226	2.07286e-05	0	1.31429e-07	2.20343e-05	0	4.77143e-07	4.65714e-07
9	900	0.0112264	0.442478	2.07314e-05	0	1.65714e-07	2.19886e-05	0	4.8e-07	5.37143e-07
9	900	0.0111762	0.442478	2.07229e-05	0	1.37143e-07	2.20257e-05	0	4.77143e-07	5.31429e-07
9	900	0.0111858	0.332226	2.07143e-05	0	1.42857e-07	2.202e-05	0	4.8e-07	4.77143e-07
9	900	0.0111888	0.332226	2.07457e-05	0	1.34286e-07	2.20314e-05	0	4.82857e-07	4.65714e-07
9	900	0.0111841	0.332226	2.07057e-05	0	1.42857e-07	2.20143e-05	0	4.8e-07	4.71429e-07
9	900	0.0111865	0.332226	2.07229e-05	0	1.48571e-07	2.2e-05	0	4.8e-07	4.74286e-07
10	1000	0.0112176	0.497512	2.08657e-05	0	1.48571e-07	2.21543e-05	0	4.77143e-07	6.57143e-07
10	1000	0.0112152	0.497512	2.08629e-05	0	1.4e-07	2.216e-05	0	4.77143e-07	6.45714e-07
10	1000	0.011214	0.398406	2.08629e-05	0	1.57143e-07	2.214e-05	0	4.77143e-07	5.51429e-07
10	1000	0.0112122	0.596421	2.08686e-05	0	1.31429e-07	2.21543e-05	0	4.77143e-07	7.08571e-07
10	1000	0.0112161	0.497512	2.08657e-05	0	1.37143e-07	2.21571e-05	0	4.77143e-07	6.57143e-07
10	1000	0.0112145	0.398406	2.08771e-05	0	1.48571e-07	2.214e-05	0	4.8e-07	5.48571e-07
10	1000	0.0112174	0.497512	2.08686e-05	0	1.48571e-07	2.21457e-05	0	4.8e-07	6.51429e-07
10	1000	0.0112022	0.596421	2.08829e-05	0	1.54286e-07	2.21286e-05	0	4.77143e-07	6.77143e-07
10	1000	0.0112145	0.398406	2.08629e-05	0	1.68571e-07	2.21314e-05	0	4.77143e-07	5.54286e-07
10	1000	0.0112162	0.497512	2.08771e-05	0	1.45714e-07	2.21457e-05	0	4.77143e-07	6.57143e-07
11	1100	0.0117612	0.990099	2.27114e-05	0	1.6e-07	2.39229e-05	0	4.74286e-07	8.45714e-07
11	1100	0.0117587	0.990099	2.26857e-05	0	1.62857e-07	2.392e-05	0	4.8e-07	8.42857e-07
11	1100	0.0117586	1.07914	2.27e-05	0	1.37143e-07	2.39429e-05	0	4.77143e-07	9.42857e-07
11	1100	0.0117627	1.07914	2.26857e-05	0	1.48571e-07	2.394e-05	0	4.8e-07	9.37143e-07
11	1100	0.0117589	1.07914	2.26857e-05	0	1.45714e-07	2.39371e-05	0	4.77143e-07	9.45714e-07
11	1100	0.0118354	1.07914	2.27143e-05	0	2.4e-07	2.38314e-05	0	4.77143e-07	1.00857e-06
11	1100	0.0117637	1.07914	2.26943e-05	0	1.54286e-07	2.39314e-05	0	4.8e-07	9.4e-07
11	1100	0.0117606	1.07914	2.27114e-05	0	1.4e-07	2.39371e-05	0	4.77143e-07	9.28571e-07
11	1100	0.0117582	1.07914	2.26857e-05	0	1.45714e-07	2.394e-05	0	4.77143e-07	9.42857e-07
11	1100	0.0117621	1.07914	2.27029e-05	0	1.4e-07	2.39457e-05	0	4.8e-07	9.37143e-07
12	1200	0.0126372	1.07172	2.45143e-05	0	2.08571e-07	2.52057e-05	0	5.05714e-07	9.71429e-07
12	1200	0.0126246	1.07172	2.44771e-05	0	2.22857e-07	2.51886e-05	0	5.05714e-07	1.07143e-06
12	1200	0.0127246	1.23457	2.45143e-05	0	1.28571e-07	2.52629e-05	0	5.05714e-07	1.12571e-06
12	1200	0.0126224	0.990099	2.44914e-05	0	2.05714e-07	2.51971e-05	0	5.05714e-07	9.28571e-07
12	1200	0.0126154	0.990099	2.45314e-05	0	1.31429e-07	2.52943e-05	0	5.05714e-07	9.51429e-07
12	1200	0.0126231	1.23457	2.45086e-05	0	1.48571e-07	2.526e-05	0	5.05714e-07	1.13714e-06
12	1200	0.0126394	1.07172	2.44771e-05	0	2.02857e-07	2.52143e-05	0	5.05714e-07	9.8e-07
12	1200	0.0126107	0.990099	2.45114e-05	0	1.2e-07	2.52943e-05	0	5.05714e-07	9.45714e-07
12	1200	0.0125513	1.07172	2.44914e-05	0	1.54286e-07	2.52314e-05	0	5.05714e-07	9.91429e-07
12	1200	0.01261	1.15321	2.44629e-05	0	2.17143e-07	2.51857e-05	0	5.05714e-07	1.06e-06
