N_THREADS	N_TRANSACTIONS	TIME	N_ABORTS	PROCESS_READ_TIME	PROCESS_WRITE_TIME	PROCESS_VALIDATION_TIME	PROCESS_OTHER_TIME	COMMIT_VALIDATION_TIME	COMMIT_OTHER_TIME	WASTED_TIME
1	100	0.0156316	0	4.73743e-05	1.34286e-07	0	3.41629e-05	0	2.88e-06	1.02286e-06
1	100	0.0156323	0	4.74057e-05	1.34286e-07	0	3.41629e-05	0	2.89143e-06	1.02857e-06
1	100	0.01564	0	4.74886e-05	1.34286e-07	0	3.41743e-05	0	2.87143e-06	1.04571e-06
1	100	0.0156351	0	4.74714e-05	1.37143e-07	0	3.41543e-05	0	2.87714e-06	1.03714e-06
1	100	0.0156379	0	4.74429e-05	1.34286e-07	0	3.41686e-05	0	2.87714e-06	1.02857e-06
1	100	0.0156411	0	4.74886e-05	1.31429e-07	0	3.42e-05	0	2.89429e-06	1.00571e-06
1	100	0.0156426	0	4.75e-05	1.34286e-07	0	3.41886e-05	0	2.89714e-06	1.02e-06
1	100	0.0156299	0	4.744e-05	1.34286e-07	0	3.41429e-05	0	2.86857e-06	1.02857e-06
1	100	0.0156333	0	4.74714e-05	1.34286e-07	0	3.414e-05	0	2.88571e-06	1.01714e-06
1	100	0.0156379	0	4.74257e-05	1.37143e-07	0	3.41857e-05	0	2.88857e-06	1.02571e-06
2	200	0.0173882	0	5.50086e-05	2.05714e-07	2.11429e-07	3.86086e-05	0	3.12286e-06	1.03143e-06
2	200	0.0173889	0	5.50143e-05	2.05714e-07	2.02857e-07	3.85743e-05	0	3.11143e-06	1.04571e-06
2	200	0.0173903	0	5.50429e-05	2.11429e-07	2.08571e-07	3.85343e-05	0	3.13429e-06	1.05714e-06
2	200	0.0173917	0	5.50343e-05	2.08571e-07	2.2e-07	3.85686e-05	0	3.12571e-06	1.03714e-06
2	200	0.0173797	0	5.5e-05	2.14286e-07	2.08571e-07	3.85543e-05	0	3.11714e-06	1.04e-06
2	200	0.0173877	0	5.50257e-05	2.08571e-07	1.97143e-07	3.85771e-05	0	3.10286e-06	1.06286e-06
2	200	0.0173869	0	5.49829e-05	2.05714e-07	2.11429e-07	3.85686e-05	0	3.12571e-06	1.04857e-06
2	200	0.0173933	0	5.50629e-05	2.08571e-07	2.02857e-07	3.85686e-05	0	3.12286e-06	1.06286e-06
2	200	0.0173837	0	5.50114e-05	2.08571e-07	2.22857e-07	3.85657e-05	0	3.11429e-06	1.03714e-06
2	200	0.0173908	0	5.50943e-05	2.08571e-07	2.14286e-07	3.856e-05	0	3.13143e-06	1.03429e-06
3	300	0.0184788	0.332226	6.01229e-05	2.54286e-07	5.08571e-07	4.12743e-05	0	3.41429e-06	1.68571e-06
3	300	0.0184779	0.332226	6.01286e-05	2.62857e-07	5e-07	4.12629e-05	0	3.41143e-06	1.67429e-06
3	300	0.0184776	0.332226	6.01429e-05	2.57143e-07	5.17143e-07	4.12771e-05	0	3.40571e-06	1.68286e-06
3	300	0.0184671	0.332226	6.01543e-05	2.6e-07	4.91429e-07	4.11971e-05	0	3.42286e-06	1.70286e-06
3	300	0.0184832	0.332226	6.02114e-05	2.6e-07	4.91429e-07	4.12857e-05	0	3.40857e-06	1.67143e-06
3	300	0.0184986	0.990099	6.016e-05	2.57143e-07	5.54286e-07	4.12086e-05	0	3.40286e-06	2.43714e-06
3	300	0.0187054	0.990099	6.02371e-05	2.6e-07	4.77143e-07	4.12771e-05	0	3.40286e-06	2.47429e-06
3	300	0.0184838	0.332226	6.02371e-05	2.54286e-07	4.91429e-07	4.12371e-05	0	3.4e-06	1.70286e-06
3	300	0.0186811	0.990099	6.00486e-05	2.57143e-07	4.57143e-07	4.13114e-05	0	3.39714e-06	2.44857e-06
3	300	0.0184868	0.332226	6.02486e-05	2.57143e-07	5.17143e-07	4.126e-05	0	3.41429e-06	1.68e-06
4	400	0.0204539	2.91262	6.684e-05	3.48571e-07	8.34286e-07	4.44057e-05	0	3.85429e-06	4.95429e-06
4	400	0.0200743	3.1477	6.70029e-05	3.57143e-07	9.48571e-07	4.44114e-05	0	3.90286e-06	4.50857e-06
4	400	0.0204117	3.84615	6.70514e-05	3.62857e-07	1.06571e-06	4.438e-05	0	3.84286e-06	6.62e-06
4	400	0.0203295	3.38164	6.682e-05	3.51429e-07	9.4e-07	4.442e-05	0	3.86286e-06	5.26286e-06
4	400	0.0203177	3.38164	6.68057e-05	3.6e-07	9.97143e-07	4.43429e-05	0	3.84e-06	5.18e-06
4	400	0.0203332	3.38164	6.68257e-05	3.51429e-07	9.94286e-07	4.43029e-05	0	3.85429e-06	5.25714e-06
4	400	0.0203531	3.38164	6.68886e-05	3.48571e-07	1.06857e-06	4.42743e-05	0	3.86286e-06	5.37143e-06
4	400	0.0203232	3.1477	6.67714e-05	3.57143e-07	1.02571e-06	4.43514e-05	0	3.84286e-06	5.12e-06
4	400	0.0203461	3.38164	6.68429e-05	3.57143e-07	1.06286e-06	4.422e-05	0	3.84286e-06	5.31714e-06
4	400	0.0204432	2.91262	6.66886e-05	3.45714e-07	8.08571e-07	4.44829e-05	0	3.87143e-06	4.92e-06
5	500	0.0231498	6.19137	7.76714e-05	4.4e-07	1.60286e-06	4.936e-05	0	4.49714e-06	1.15343e-05
5	500	0.0232441	6.71642	7.75371e-05	4.37143e-07	1.55143e-06	4.954e-05	0	4.57143e-06	1.24343e-05
5	500	0.023023	6.54206	7.79629e-05	4.48571e-07	1.62571e-06	4.95743e-05	0	4.55714e-06	1.38629e-05
5	500	0.0225611	5.48204	7.69086e-05	4.4e-07	1.49143e-06	4.90457e-05	5.71429e-08	4.50571e-06	1.058e-05
5	500	0.0226088	5.48204	7.67371e-05	4.28571e-07	1.75714e-06	4.88486e-05	0	4.54e-06	9.96286e-06
5	500	0.0226245	5.12334	7.736e-05	4.42857e-07	1.73429e-06	4.90029e-05	2e-08	4.56e-06	1.00857e-05
5	500	0.0228136	4.39771	7.86743e-05	4.34286e-07	1.79143e-06	4.958e-05	0	4.54571e-06	9.04e-06
5	500	0.022767	6.19137	7.71771e-05	4.22857e-07	1.51429e-06	4.93314e-05	0	4.49143e-06	1.21657e-05
5	500	0.0226692	4.94297	7.786e-05	4.45714e-07	1.70286e-06	4.93086e-05	0	4.54857e-06	1.04371e-05
5	500	0.0228599	7.40741	7.84229e-05	4.28571e-07	1.27714e-06	5.01857e-05	0	4.56e-06	1.53743e-05
6	600	0.0274928	7.55008	9.49886e-05	5.42857e-07	1.89143e-06	5.82257e-05	9.14286e-08	5.46571e-06	1.826e-05
6	600	0.026284	6.97674	9.38343e-05	5.34286e-07	2.36e-06	5.70314e-05	2e-08	5.40857e-06	1.55543e-05
6	600	0.026681	7.2643	9.52657e-05	5.22857e-07	1.97714e-06	5.81829e-05	1.14286e-08	5.48857e-06	1.656e-05
6	600	0.0268657	7.8341	9.48029e-05	5.48571e-07	2.51714e-06	5.71343e-05	8e-08	5.50286e-06	1.71343e-05
6	600	0.026805	7.69231	9.47571e-05	5.28571e-07	2.20286e-06	5.76657e-05	2.28571e-08	5.42e-06	1.70429e-05
6	600	0.0272715	8.25688	9.39229e-05	5.45714e-07	2.35143e-06	5.71914e-05	0	5.44e-06	1.99257e-05
6	600	0.0265429	7.69231	9.41629e-05	5.25714e-07	2.41143e-06	5.71914e-05	7.42857e-08	5.46571e-06	1.85714e-05
6	600	0.0265979	6.97674	9.53e-05	5.31429e-07	2.43143e-06	5.77943e-05	3.71429e-08	5.48286e-06	1.67371e-05
6	600	0.026179	6.25	9.37543e-05	5e-07	2.29429e-06	5.72057e-05	7.14286e-08	5.44e-06	1.42029e-05
6	600	0.0265484	6.54206	9.38571e-05	5.28571e-07	2.38e-06	5.72486e-05	1.17143e-07	5.47143e-06	1.56829e-05
7	700	0.032359	10.2564	0.000118557	6.48571e-07	3.33429e-06	6.86029e-05	2.85714e-08	6.55429e-06	3.05143e-05
7	700	0.0316814	9.56072	0.000118774	6.17143e-07	2.92571e-06	6.92e-05	2.28571e-08	6.55714e-06	2.74771e-05
7	700	0.0316452	9.20882	0.000118154	6.45714e-07	3.3e-06	6.84743e-05	0	6.61429e-06	2.95943e-05
7	700	0.0317288	10.1412	0.000117743	6.4e-07	3.13143e-06	6.86286e-05	6e-08	6.64e-06	3.20886e-05
7	700	0.0311348	8.01577	0.00011694	6.28571e-07	3.31429e-06	6.78143e-05	1.71429e-08	6.55429e-06	2.24257e-05
7	700	0.032036	10.7143	0.000117623	6.17143e-07	3.08286e-06	6.86171e-05	2.85714e-08	6.58e-06	3.12657e-05
7	700	0.0324674	10.9415	0.00011852	6.31429e-07	2.94e-06	6.91514e-05	4.85714e-08	6.61429e-06	3.38486e-05
7	700	0.031234	8.01577	0.000116474	6.31429e-07	3.41429e-06	6.74286e-05	6.28571e-08	6.36571e-06	2.10914e-05
7	700	0.0319152	8.97269	0.000117809	6.31429e-07	3.34286e-06	6.82943e-05	8.85714e-08	6.54571e-06	2.80171e-05
7	700	0.0310326	8.49673	0.000117169	6.2e-07	3.69429e-06	6.75571e-05	2.28571e-08	6.52857e-06	2.438e-05
8	800	0.0371103	11.2098	0.0001429	7e-07	3.93714e-06	8.00657e-05	3.42857e-08	7.68571e-06	3.48486e-05
8	800	0.0373372	13.0435	0.000143077	7e-07	3.92571e-06	8.02629e-05	0	7.80857e-06	4.47629e-05
8	800	0.0376953	12.6638	0.000143171	7.22857e-07	3.61714e-06	8.08543e-05	1.05714e-07	7.8e-06	4.30714e-05
8	800	0.0372519	11.6998	0.000142226	7.14286e-07	3.91429e-06	7.97743e-05	2.28571e-08	7.74857e-06	3.88657e-05
8	800	0.036742	10.6145	0.000142454	7.37143e-07	4.60857e-06	7.92486e-05	6.28571e-08	7.78571e-06	3.33114e-05
8	800	0.0368297	11.3082	0.000142594	7.31429e-07	4.14286e-06	7.97829e-05	5.42857e-08	7.82571e-06	3.752e-05
8	800	0.0363142	11.2098	0.000142326	7.34286e-07	3.76286e-06	8.00343e-05	8e-08	7.79714e-06	3.55971e-05
8	800	0.0372238	13.7001	0.000142531	7.34286e-07	4.38857e-06	7.95486e-05	6e-08	7.71143e-06	4.27086e-05
8	800	0.0374869	11.8943	0.0001435	7.25714e-07	3.80286e-06	8.07257e-05	4.28571e-08	7.88857e-06	4.16371e-05
8	800	0.0373249	11.6022	0.00014184	7.14286e-07	4.17143e-06	7.93571e-05	3.71429e-08	7.74857e-06	3.67943e-05
9	900	0.0444718	15.0943	0.000168763	8.25714e-07	5.46e-06	9.15686e-05	6.57143e-08	9.07714e-06	6.04571e-05
9	900	0.0436107	14.204	0.000165971	8.34286e-07	5.75429e-06	9.004e-05	6e-08	8.94286e-06	5.98743e-05
9	900	0.0437948	13.8756	0.0001671	8.25714e-07	6.26286e-06	8.97257e-05	0	8.98857e-06	5.66371e-05
9	900	0.0445235	15.8092	0.000167723	8.34286e-07	5.80286e-06	9.05686e-05	0	9.02857e-06	6.09914e-05
9	900	0.0452763	14.9338	0.000165471	8.2e-07	5.58857e-06	8.96371e-05	0	9.03143e-06	6.22857e-05
9	900	0.0444356	13.9579	0.000167249	8.17143e-07	5.14857e-06	9.084e-05	3.14286e-08	8.93429e-06	5.63257e-05
9	900	0.0443605	14.9338	0.000166889	8.08571e-07	5.65714e-06	9.00886e-05	0	8.92e-06	5.87229e-05
9	900	0.0423233	11.9374	0.000167203	8.08571e-07	6.43143e-06	8.94429e-05	0	9.02857e-06	4.46257e-05
9	900	0.0428624	12.6214	0.000165949	8.28571e-07	5.6e-06	9.00886e-05	6.57143e-08	9.03143e-06	4.83086e-05
9	900	0.0431901	13.0435	0.000168817	8.28571e-07	5.52857e-06	9.13371e-05	1.71429e-08	9.16571e-06	5.29714e-05
10	1000	0.0506877	15.4691	0.000195114	8.91429e-07	6.92571e-06	0.000102694	7.71429e-08	1.02286e-05	7.44314e-05
10	1000	0.0521344	16.7361	0.000196123	9.11429e-07	7.09143e-06	0.000102931	1.71429e-08	1.02686e-05	8.59629e-05
10	1000	0.0511696	17.5598	0.0001985	9.51429e-07	6.62e-06	0.000104643	4.28571e-08	1.04429e-05	8.78143e-05
10	1000	0.0529079	18.633	0.000193066	9.34286e-07	6.65143e-06	0.000102249	4e-08	1.04257e-05	9.72514e-05
10	1000	0.0499698	13.9415	0.000197963	9.11429e-07	7.63714e-06	0.000103494	4e-08	1.04571e-05	6.67857e-05
10	1000	0.0505227	15.9664	0.000194234	9.25714e-07	7.22e-06	0.000101949	1.37143e-07	1.02143e-05	7.616e-05
10	1000	0.0504738	15.326	0.000193783	9.05714e-07	6.87429e-06	0.000102209	6.57143e-08	1.03029e-05	7.342e-05
10	1000	0.0498213	15.683	0.000196746	9.28571e-07	6.68286e-06	0.000104023	1.74286e-07	1.04886e-05	7.58257e-05
10	1000	0.0508564	16.5275	0.000197457	9.2e-07	6.03429e-06	0.000105023	1e-07	1.03971e-05	8.23857e-05
10	1000	0.0513554	16.8053	0.000198371	9.14286e-07	6.47714e-06	0.000104663	2.57143e-08	1.04429e-05	8.212e-05
11	1100	0.0587808	18.2764	0.000221183	1.06286e-06	9.03714e-06	0.000113763	1.31429e-07	1.166e-05	9.85343e-05
11	1100	0.0567819	16.1585	0.000221151	1.02e-06	8.53143e-06	0.000113731	1.48571e-07	1.15771e-05	8.16629e-05
11	1100	0.058466	16.5402	0.000227777	1.06857e-06	9.43143e-06	0.000116291	1.42857e-07	1.17171e-05	9.18686e-05
11	1100	0.0580728	17.1687	0.000223097	1.04571e-06	8.73143e-06	0.000114691	2e-07	1.16857e-05	9.736e-05
11	1100	0.0601102	19.708	0.0002238	1.06857e-06	8.47429e-06	0.000115357	9.71429e-08	1.17886e-05	0.000112203
11	1100	0.0573415	16.7298	0.000223874	1.07143e-06	1.042e-05	0.000113491	1.2e-07	1.17514e-05	9.09629e-05
11	1100	0.0606816	18.8791	0.000218491	1.03714e-06	8.32286e-06	0.000113097	7.71429e-08	1.15429e-05	0.000109771
11	1100	0.0579883	17.5412	0.000219574	1.02571e-06	7.54857e-06	0.000114277	0	1.15543e-05	0.000100097
11	1100	0.058493	17.9717	0.000222943	1.08286e-06	9.65714e-06	0.000113763	2.2e-07	1.17114e-05	9.78886e-05
11	1100	0.0596286	19.3548	0.000225837	1.07429e-06	8.37429e-06	0.000116663	1.22857e-07	1.17571e-05	0.000108469
12	1200	0.0687284	21.5173	0.00024948	1.17143e-06	1.02914e-05	0.000126054	0	1.27571e-05	0.000142766
12	1200	0.0699182	21.1564	0.000245909	1.14286e-06	9.46286e-06	0.000125337	1.94286e-07	1.26457e-05	0.000149531
12	1200	0.0680295	20.8443	0.000246529	1.13429e-06	9.61429e-06	0.000125197	1e-07	1.25971e-05	0.000141117
12	1200	0.0693414	22.0779	0.000250663	1.16286e-06	1.078e-05	0.000126077	7.71429e-08	1.28143e-05	0.000149903
12	1200	0.0670544	20.0533	0.000251334	1.17143e-06	1.14057e-05	0.000125766	1.08571e-07	1.29914e-05	0.000135469
12	1200	0.068631	21.2081	0.00025368	1.20571e-06	1.00514e-05	0.00012822	1.48571e-07	1.302e-05	0.000138777
12	1200	0.0658155	17.8082	0.000247523	1.15714e-06	1.15e-05	0.000123757	1e-07	1.28343e-05	0.000114226
12	1200	0.066201	19.8932	0.000254131	1.19143e-06	1.06629e-05	0.000128094	2.4e-07	1.30686e-05	0.000126854
12	1200	0.0690942	22.3803	0.000250823	1.16286e-06	9.23143e-06	0.000127909	1.82857e-07	1.28657e-05	0.000153609
12	1200	0.0691488	22.5307	0.000249597	1.16857e-06	9.94857e-06	0.000126191	2.57143e-08	1.27514e-05	0.000157589
