N_THREADS	N_TRANSACTIONS	TIME	N_ABORTS	PROCESS_READ_TIME	PROCESS_WRITE_TIME	PROCESS_VALIDATION_TIME	PROCESS_OTHER_TIME	COMMIT_VALIDATION_TIME	COMMIT_OTHER_TIME	WASTED_TIME
1	192	0.891781	0	1.12171e-05	1.16743e-05	0	0.00459373	9.71429e-08	9.84286e-06	1.26857e-06	0.96
1	192	0.891833	0	1.12171e-05	1.17057e-05	0	0.004594	9.71429e-08	9.82286e-06	1.26571e-06	0.94
1	192	0.891624	0	1.12086e-05	1.17029e-05	0	0.00459293	9.71429e-08	9.83143e-06	1.25714e-06	0.93
1	192	0.891745	0	1.11943e-05	1.16857e-05	0	0.00459358	9.71429e-08	9.82857e-06	1.25429e-06	0.94
1	192	0.891834	0	1.12429e-05	1.16829e-05	0	0.00459397	9.71429e-08	9.84e-06	1.27143e-06	0.94
1	192	0.891807	0	1.12171e-05	1.16686e-05	0	0.0045939	9.71429e-08	9.82857e-06	1.25143e-06	0.94
1	192	0.89185	0	1.12286e-05	1.16971e-05	0	0.00459408	9.71429e-08	9.83429e-06	1.24571e-06	0.94
1	192	0.891761	0	1.122e-05	1.16743e-05	0	0.00459367	1e-07	9.81429e-06	1.25143e-06	0.94
1	192	0.891805	0	1.11943e-05	1.17029e-05	0	0.00459389	9.71429e-08	9.82286e-06	1.26286e-06	0.94
1	192	0.891792	0	1.122e-05	1.16971e-05	0	0.00459381	9.42857e-08	9.8e-06	1.27143e-06	0.94
2	192	0.493304	2.53807	1.43286e-05	1.49514e-05	5.14286e-08	0.0043099	1.41429e-06	1.10343e-05	0.00073122	0.57
2	192	0.493384	2.53807	1.43229e-05	1.49171e-05	5.14286e-08	0.00431066	1.40571e-06	1.10343e-05	0.000731297	0.54
2	192	0.493335	2.53807	1.43371e-05	1.49571e-05	4.85714e-08	0.00431027	1.40857e-06	1.10171e-05	0.00073128	0.54
2	192	0.49337	2.53807	1.432e-05	1.49343e-05	4.85714e-08	0.00431041	1.41143e-06	1.10343e-05	0.000731314	0.55
2	192	0.493357	2.53807	1.438e-05	1.49343e-05	4.85714e-08	0.00431063	1.40286e-06	1.10314e-05	0.000731186	0.54
2	192	0.493357	2.53807	1.43314e-05	1.492e-05	4.85714e-08	0.00431048	1.31714e-06	1.10286e-05	0.000731174	0.54
2	192	0.493369	2.53807	1.43486e-05	1.49571e-05	5.14286e-08	0.00431055	1.41429e-06	1.10343e-05	0.00073114	0.54
2	192	0.493366	2.53807	1.42829e-05	1.49286e-05	4.85714e-08	0.00431029	1.40571e-06	1.102e-05	0.000731249	0.54
2	192	0.493404	2.53807	1.436e-05	1.48714e-05	5.14286e-08	0.00431095	1.31143e-06	1.102e-05	0.000731374	0.54
2	192	0.493296	2.53807	1.43686e-05	1.49286e-05	4.85714e-08	0.00431025	1.30286e-06	1.10286e-05	0.000731183	0.54
3	192	0.365657	4.9505	1.26114e-05	1.32086e-05	0	0.00433191	1.66571e-06	1.08371e-05	0.00114667	0.44
3	192	0.365581	4.9505	1.264e-05	1.32457e-05	0	0.00433099	1.65429e-06	1.084e-05	0.00114644	0.42
3	192	0.365597	4.9505	1.26286e-05	1.32943e-05	0	0.00433096	1.66857e-06	1.08543e-05	0.00114632	0.42
3	192	0.36553	4.9505	1.26629e-05	1.32057e-05	0	0.00433081	1.66286e-06	1.08286e-05	0.00114624	0.42
3	192	0.365603	4.9505	1.25971e-05	1.31914e-05	0	0.00433117	1.67714e-06	1.08514e-05	0.00114646	0.42
3	192	0.365577	4.9505	1.26629e-05	1.32171e-05	0	0.0043309	1.65429e-06	1.08229e-05	0.00114626	0.42
3	192	0.36566	4.9505	1.26543e-05	1.322e-05	0	0.00433193	1.66e-06	1.08829e-05	0.00114645	0.42
3	192	0.36561	4.9505	1.26114e-05	1.32343e-05	0	0.00433107	1.66e-06	1.088e-05	0.00114626	0.42
3	192	0.365589	4.9505	1.26371e-05	1.32029e-05	0	0.0043311	1.66571e-06	1.08314e-05	0.00114641	0.42
3	192	0.365602	4.9505	1.26771e-05	1.32057e-05	0	0.0043316	1.67143e-06	1.08543e-05	0.00114643	0.42
4	192	0.29613	4.47761	1.37257e-05	1.436e-05	2.17143e-07	0.00391867	2.46571e-06	1.13029e-05	0.00178346	0.37
4	192	0.296155	4.47761	1.37143e-05	1.43829e-05	2.17143e-07	0.00391894	2.48571e-06	1.13629e-05	0.00178349	0.34
4	192	0.296227	4.47761	1.376e-05	1.43771e-05	2.11429e-07	0.0039198	2.48571e-06	1.13686e-05	0.00178367	0.34
4	192	0.29613	4.47761	1.37771e-05	1.43514e-05	2.17143e-07	0.00391914	2.47143e-06	1.13714e-05	0.00178341	0.35
4	192	0.296169	4.47761	1.37429e-05	1.43257e-05	2.2e-07	0.00391921	2.46857e-06	1.13286e-05	0.00178343	0.34
4	192	0.296055	4.47761	1.374e-05	1.43657e-05	2.11429e-07	0.00391798	2.47714e-06	1.13257e-05	0.00178323	0.34
4	192	0.296192	4.47761	1.37943e-05	1.43286e-05	2.22857e-07	0.00391883	2.46571e-06	1.13743e-05	0.00178353	0.35
4	192	0.296135	4.47761	1.37886e-05	1.43543e-05	2.17143e-07	0.00391879	2.46857e-06	1.13629e-05	0.0017835	0.35
4	192	0.296168	4.47761	1.37543e-05	1.43743e-05	2.11429e-07	0.00391891	2.47143e-06	1.136e-05	0.00178349	0.34
4	192	0.296199	4.47761	1.37371e-05	1.43857e-05	2.11429e-07	0.00391961	2.47143e-06	1.138e-05	0.00178377	0.35
5	192	0.245351	7.69231	1.45e-05	1.52086e-05	1.74286e-07	0.00358813	2.31143e-06	1.186e-05	0.00248937	0.32
5	192	0.247517	7.69231	1.44229e-05	1.51629e-05	1.71429e-07	0.00368685	2.57429e-06	1.18657e-05	0.00248869	0.29
5	192	0.247534	7.69231	1.444e-05	1.51257e-05	1.68571e-07	0.00368671	2.54857e-06	1.16914e-05	0.00248913	0.29
5	192	0.247543	7.69231	1.44514e-05	1.51457e-05	1.71429e-07	0.00368655	2.53429e-06	1.17771e-05	0.0024894	0.29
5	192	0.247523	7.69231	1.45286e-05	1.51543e-05	1.74286e-07	0.0036872	2.52286e-06	1.17629e-05	0.00248921	0.29
5	192	0.247558	7.69231	1.44743e-05	1.514e-05	1.77143e-07	0.00368663	2.52286e-06	1.17714e-05	0.00248936	0.30
5	192	0.245318	7.69231	1.45371e-05	1.518e-05	1.68571e-07	0.00358794	2.3e-06	1.18686e-05	0.00248921	0.29
5	192	0.247535	7.69231	1.44171e-05	1.51857e-05	1.65714e-07	0.00368683	2.53429e-06	1.17714e-05	0.00248928	0.29
5	192	0.245428	7.69231	1.44971e-05	1.51229e-05	1.68571e-07	0.0035887	2.30286e-06	1.19143e-05	0.00248994	0.30
5	192	0.247541	7.69231	1.452e-05	1.50914e-05	1.68571e-07	0.00368712	2.54286e-06	1.17657e-05	0.00248923	0.29
6	192	0.283275	11.9266	1.62429e-05	1.71543e-05	1.88571e-07	0.00419863	2.51429e-06	1.33114e-05	0.00381528	0.35
6	192	0.280279	12.3288	1.54943e-05	1.62371e-05	1.82857e-07	0.00386887	2.21143e-06	1.22457e-05	0.00414622	0.33
6	192	0.283328	11.9266	1.63257e-05	1.718e-05	1.88571e-07	0.00419926	2.51714e-06	1.32314e-05	0.00381565	0.34
6	192	0.283166	11.9266	1.63743e-05	1.708e-05	1.88571e-07	0.00419813	2.52e-06	1.32771e-05	0.00381399	0.33
6	192	0.280333	12.3288	1.54571e-05	1.60886e-05	1.71429e-07	0.0038699	2.19143e-06	1.214e-05	0.00414799	0.33
6	192	0.283138	11.9266	1.63029e-05	1.71457e-05	1.88571e-07	0.00419744	2.55714e-06	1.33343e-05	0.00381551	0.34
6	192	0.283222	11.9266	1.63257e-05	1.69914e-05	1.91429e-07	0.00419784	2.55714e-06	1.32571e-05	0.00381762	0.34
6	192	0.283101	11.9266	1.63114e-05	1.70371e-05	1.85714e-07	0.0041964	2.51429e-06	1.31057e-05	0.00381418	0.33
6	192	0.283166	11.9266	1.62543e-05	1.70857e-05	1.88571e-07	0.00419829	2.52286e-06	1.32686e-05	0.00381487	0.34
6	192	0.283205	11.9266	1.62971e-05	1.70571e-05	1.97143e-07	0.0041986	2.61429e-06	1.32057e-05	0.00381702	0.34
7	192	0.225477	10.6977	1.47857e-05	1.55971e-05	1.05714e-07	0.00401901	2.76e-06	1.30086e-05	0.00364724	0.30
7	192	0.225521	10.6977	1.47286e-05	1.566e-05	1.05714e-07	0.00401811	2.81143e-06	1.29857e-05	0.00364794	0.28
7	192	0.225414	10.6977	1.47571e-05	1.55286e-05	1.14286e-07	0.00401748	2.76286e-06	1.29971e-05	0.0036473	0.27
7	192	0.225444	10.6977	1.47114e-05	1.56371e-05	1e-07	0.00401819	2.79143e-06	1.30829e-05	0.00364709	0.28
7	192	0.225326	10.6977	1.474e-05	1.56057e-05	9.71429e-08	0.0040169	2.79429e-06	1.29686e-05	0.00364645	0.28
7	192	0.225476	10.6977	1.47114e-05	1.55343e-05	1.08571e-07	0.00401855	2.76857e-06	1.31171e-05	0.0036475	0.28
7	192	0.22555	10.6977	1.47686e-05	1.54514e-05	9.71429e-08	0.00401985	2.78571e-06	1.308e-05	0.00364877	0.28
7	192	0.225513	10.6977	1.48029e-05	1.56086e-05	1.05714e-07	0.00401782	2.80571e-06	1.31657e-05	0.00364891	0.27
7	192	0.225406	10.6977	1.48114e-05	1.56714e-05	9.71429e-08	0.00401698	2.77429e-06	1.30571e-05	0.00364652	0.28
7	192	0.2254	10.6977	1.47343e-05	1.55686e-05	1.02857e-07	0.00401646	2.78857e-06	1.30571e-05	0.00364705	0.28
8	192	0.262119	9.43396	1.12914e-05	1.23429e-05	7.42857e-08	0.00583215	2.02571e-06	1.09486e-05	0.00385626	0.34
8	192	0.262237	9.43396	1.14114e-05	1.206e-05	8.57143e-08	0.00583365	1.98857e-06	1.102e-05	0.00385675	0.31
8	192	0.262218	9.43396	1.14057e-05	1.21e-05	8.28571e-08	0.00583605	1.98571e-06	1.08886e-05	0.00385737	0.31
8	192	0.262213	9.43396	1.14229e-05	1.20257e-05	8.57143e-08	0.00583631	2.00571e-06	1.10543e-05	0.0038572	0.31
8	192	0.262211	9.43396	1.13686e-05	1.21257e-05	8.28571e-08	0.00583533	2.01143e-06	1.09686e-05	0.00385564	0.31
8	192	0.262172	9.43396	1.138e-05	1.22457e-05	8.28571e-08	0.00583612	2.02286e-06	1.10486e-05	0.00385598	0.31
8	192	0.262198	9.43396	1.13743e-05	1.21914e-05	8e-08	0.00583479	2.00286e-06	1.09457e-05	0.0038562	0.31
8	192	0.262195	9.43396	1.13257e-05	1.20686e-05	1e-07	0.00583596	2.02571e-06	1.09829e-05	0.00385673	0.31
8	192	0.262129	9.43396	1.14429e-05	1.21829e-05	8.28571e-08	0.00583284	2.02e-06	1.08657e-05	0.00385564	0.31
8	192	0.262206	9.43396	1.13771e-05	1.22029e-05	8.57143e-08	0.00583515	2.01714e-06	1.09257e-05	0.00385607	0.31
9	192	0.231223	13.9013	1.53486e-05	1.64171e-05	1.65714e-07	0.0049957	2.67143e-06	1.39229e-05	0.00511403	0.30
9	192	0.231125	13.9013	1.52229e-05	1.64457e-05	1.8e-07	0.00499178	2.72286e-06	1.39086e-05	0.00511238	0.27
9	192	0.231202	13.9013	1.53914e-05	1.63486e-05	1.68571e-07	0.00499541	2.67143e-06	1.38371e-05	0.00511208	0.27
9	192	0.231054	13.9013	1.54171e-05	1.62857e-05	1.65714e-07	0.00499305	2.71143e-06	1.378e-05	0.00511187	0.27
9	192	0.231209	13.9013	1.524e-05	1.64514e-05	1.57143e-07	0.00499343	2.70571e-06	1.37657e-05	0.00511137	0.27
9	192	0.231166	13.9013	1.54086e-05	1.63686e-05	1.65714e-07	0.00499484	2.68e-06	1.38543e-05	0.00511038	0.28
9	192	0.231174	13.9013	1.53886e-05	1.62771e-05	1.65714e-07	0.00499565	2.70286e-06	1.37371e-05	0.00511236	0.28
9	192	0.231303	13.9013	1.54571e-05	1.63171e-05	1.68571e-07	0.00499252	2.72e-06	1.39571e-05	0.00511304	0.28
9	192	0.230928	13.9013	1.52143e-05	1.63086e-05	1.57143e-07	0.00499243	2.71714e-06	1.352e-05	0.00510294	0.28
9	192	0.231096	13.9013	1.536e-05	1.64086e-05	1.65714e-07	0.00499079	2.70286e-06	1.39257e-05	0.00511235	0.28
10	192	0.237697	15.0442	1.56371e-05	1.68943e-05	5.14286e-08	0.00511996	3.34571e-06	1.48514e-05	0.00642377	0.31
10	192	0.237371	15.0442	1.55714e-05	1.68543e-05	5.42857e-08	0.00510881	3.26e-06	1.51114e-05	0.00641833	0.29
10	192	0.23792	15.0442	1.59171e-05	1.69886e-05	6.28571e-08	0.00512133	3.34571e-06	1.48857e-05	0.00642184	0.29
10	192	0.23778	15.0442	1.54771e-05	1.70257e-05	5.14286e-08	0.00511269	3.28e-06	1.49371e-05	0.00642102	0.29
10	192	0.237602	15.0442	1.56714e-05	1.68629e-05	6e-08	0.00512009	3.29429e-06	1.50229e-05	0.00642165	0.29
10	192	0.237743	15.0442	1.55571e-05	1.68343e-05	5.14286e-08	0.00512071	3.28286e-06	1.51314e-05	0.0064225	0.29
10	192	0.237954	15.0442	1.56029e-05	1.698e-05	5.71429e-08	0.0051173	3.31429e-06	1.51e-05	0.00641981	0.29
10	192	0.237906	15.0442	1.58829e-05	1.7e-05	5.14286e-08	0.00512014	3.26857e-06	1.502e-05	0.00642345	0.28
10	192	0.237807	15.0442	1.57857e-05	1.69457e-05	5.14286e-08	0.00512079	3.35143e-06	1.50543e-05	0.0064241	0.29
10	192	0.23777	15.0442	1.568e-05	1.70343e-05	5.71429e-08	0.00512188	3.31714e-06	1.50257e-05	0.00642075	0.29
11	192	0.184061	10.2804	1.63e-05	1.76429e-05	1.8e-07	0.0050246	3.48286e-06	1.57286e-05	0.0040856	0.26
11	192	0.184142	10.2804	1.63829e-05	1.768e-05	1.8e-07	0.00502413	3.41429e-06	1.604e-05	0.00408327	0.24
11	192	0.183937	10.2804	1.64171e-05	1.78257e-05	1.94286e-07	0.00502663	3.51143e-06	1.55857e-05	0.0040831	0.24
11	192	0.184201	10.2804	1.63229e-05	1.776e-05	1.68571e-07	0.00502428	3.49714e-06	1.57829e-05	0.00408601	0.24
11	192	0.184085	10.2804	1.62486e-05	1.77486e-05	1.74286e-07	0.00502673	3.47714e-06	1.59714e-05	0.00408732	0.24
11	192	0.183982	10.2804	1.64914e-05	1.77229e-05	1.62857e-07	0.0050252	3.51143e-06	1.57171e-05	0.0040854	0.24
11	192	0.183858	10.2804	1.63657e-05	1.78571e-05	1.82857e-07	0.00502452	3.43143e-06	1.57086e-05	0.00408256	0.24
11	192	0.18392	10.2804	1.64686e-05	1.78029e-05	1.68571e-07	0.00502629	3.46286e-06	1.59086e-05	0.00408403	0.24
11	192	0.1839	10.2804	1.636e-05	1.80171e-05	1.62857e-07	0.00502524	3.53143e-06	1.59343e-05	0.00408719	0.24
11	192	0.183945	10.2804	1.63429e-05	1.76686e-05	1.68571e-07	0.00502353	3.58e-06	1.57286e-05	0.00408184	0.24
12	192	0.247047	17.5966	1.73029e-05	1.91371e-05	1.17143e-07	0.00629816	3.26857e-06	1.71e-05	0.00739351	0.33
12	192	0.247123	17.5966	1.72486e-05	1.88914e-05	1.2e-07	0.00630159	3.29143e-06	1.69886e-05	0.00739257	0.30
12	192	0.247303	17.5966	1.75714e-05	1.87914e-05	1.22857e-07	0.00630007	3.37714e-06	1.7e-05	0.00739696	0.30
12	192	0.247341	17.5966	1.738e-05	1.87486e-05	1.11429e-07	0.00630859	3.35143e-06	1.70543e-05	0.00739708	0.30
12	192	0.247184	17.5966	1.74514e-05	1.88257e-05	1.28571e-07	0.00630341	3.26286e-06	1.69429e-05	0.00739358	0.30
12	192	0.247428	17.5966	1.73e-05	1.89657e-05	1.31429e-07	0.00630323	3.34857e-06	1.71543e-05	0.00739898	0.30
12	192	0.24714	17.5966	1.75143e-05	1.88714e-05	1.34286e-07	0.00628763	3.3e-06	1.68914e-05	0.00739033	0.30
12	192	0.247261	17.5966	1.74571e-05	1.9e-05	1.08571e-07	0.00630332	3.32571e-06	1.69657e-05	0.00739746	0.30
12	192	0.248238	17.5966	1.75e-05	1.89029e-05	1.11429e-07	0.0063046	3.29429e-06	1.71771e-05	0.00740084	0.30
12	192	0.247057	17.5966	1.74686e-05	1.89714e-05	1.22857e-07	0.0063057	3.26857e-06	1.70171e-05	0.00739678	0.30
