N_THREADS	N_TRANSACTIONS	TIME	N_ABORTS	PROCESS_READ_TIME	PROCESS_WRITE_TIME	PROCESS_VALIDATION_TIME	PROCESS_OTHER_TIME	COMMIT_VALIDATION_TIME	COMMIT_OTHER_TIME	WASTED_TIME
1	128	16.1133	0	0.000233509	0.000224166	0	0.0294076	6.65714e-07	9.25543e-05	2.56857e-06
1	128	16.1121	0	0.000233369	0.00022428	0	0.0293978	6.62857e-07	9.254e-05	2.50571e-06
1	128	16.1133	0	0.000233566	0.000223997	0	0.0294077	6.74286e-07	9.26086e-05	2.52e-06
1	128	16.1122	0	0.000233497	0.00022428	0	0.0293985	6.65714e-07	9.25029e-05	2.52571e-06
1	128	16.1118	0	0.000233334	0.000224374	0	0.0293958	6.74286e-07	9.24771e-05	2.52286e-06
1	128	16.1129	0	0.000233286	0.000224497	0	0.0294045	6.65714e-07	9.24029e-05	2.54571e-06
1	128	16.1121	0	0.000233369	0.000224289	0	0.0293985	6.62857e-07	9.25286e-05	2.53714e-06
1	128	16.1138	0	0.000233663	0.000224023	0	0.0294109	6.71429e-07	9.25771e-05	2.54857e-06
1	128	16.1119	0	0.000233311	0.0002243	0	0.0293964	6.8e-07	9.25714e-05	2.54e-06
1	128	16.1119	0	0.000233294	0.000224303	0	0.0293965	6.62857e-07	9.24543e-05	2.54286e-06
2	128	10.1422	7.91367	0.000236166	0.000227206	2.57714e-06	0.126884	1.742e-05	9.38143e-05	0.0304562
2	128	10.1425	7.91367	0.000236134	0.000227166	2.56e-06	0.126888	1.74114e-05	9.374e-05	0.0304559
2	128	10.1439	7.91367	0.000236283	0.000227097	2.58286e-06	0.126908	1.74057e-05	9.384e-05	0.0304602
2	128	10.1434	7.91367	0.000236354	0.000226891	2.57714e-06	0.126901	1.73629e-05	9.38714e-05	0.0304589
2	128	10.143	7.91367	0.000236231	0.000227023	2.56857e-06	0.126897	1.742e-05	9.38514e-05	0.0304589
2	128	10.1431	7.91367	0.000236209	0.000226971	2.58286e-06	0.126898	1.73514e-05	9.378e-05	0.0304583
2	128	10.142	7.91367	0.000235994	0.000227034	2.56857e-06	0.126884	1.74571e-05	9.38829e-05	0.0304555
2	128	10.1431	7.91367	0.000236326	0.000226969	2.56857e-06	0.126897	1.73714e-05	9.38486e-05	0.0304579
2	128	10.1419	7.91367	0.000236174	0.00022706	2.58571e-06	0.126882	1.74657e-05	9.37914e-05	0.0304552
2	128	10.1432	7.91367	0.00023628	0.000226986	2.58857e-06	0.126899	1.738e-05	9.38571e-05	0.0304596
3	128	7.86387	12.9252	0.0002263	0.000216791	2.74571e-06	0.127503	2.09771e-05	9.05543e-05	0.0541198
3	128	7.86453	12.9252	0.000226209	0.000216943	2.74e-06	0.127516	2.10229e-05	9.05086e-05	0.0541271
3	128	7.86318	12.9252	0.000226297	0.000216674	2.74857e-06	0.12749	2.108e-05	9.05686e-05	0.054117
3	128	7.86478	12.9252	0.000226237	0.000216786	2.74286e-06	0.127518	2.10257e-05	9.05514e-05	0.054127
3	128	7.8635	12.9252	0.000226469	0.000216791	2.74286e-06	0.127496	2.10343e-05	9.05314e-05	0.0541185
3	128	7.86468	12.9252	0.000226346	0.00021672	2.72286e-06	0.127515	2.102e-05	9.05543e-05	0.054126
3	128	7.86445	12.9252	0.000226311	0.000216623	2.79714e-06	0.127515	2.106e-05	9.05229e-05	0.0541267
3	128	7.86403	12.9252	0.000226429	0.000216677	2.76857e-06	0.127507	2.10314e-05	9.06057e-05	0.0541228
3	128	7.86443	12.9252	0.000226211	0.000216486	2.78571e-06	0.127513	2.10571e-05	9.052e-05	0.054126
3	128	7.86456	12.9252	0.000226263	0.000216731	2.73429e-06	0.127516	2.10371e-05	9.05343e-05	0.0541261
4	128	6.83266	17.9487	0.000230249	0.000220383	2.34571e-06	0.125474	2.22686e-05	9.31543e-05	0.0723213
4	128	6.83301	17.9487	0.000230046	0.000220326	2.35714e-06	0.125485	2.22914e-05	9.30429e-05	0.0723234
4	128	6.83286	17.9487	0.000230206	0.000220431	2.36571e-06	0.125483	2.22371e-05	9.30886e-05	0.0723254
4	128	6.83329	17.9487	0.000230226	0.00022044	2.35143e-06	0.125485	2.22429e-05	9.304e-05	0.0723283
4	128	6.832	17.9487	0.000230023	0.0002207	2.34857e-06	0.125461	2.21657e-05	9.31657e-05	0.0723113
4	128	6.83322	17.9487	0.000230243	0.000220694	2.36286e-06	0.125487	2.22371e-05	9.31286e-05	0.0723279
4	128	6.83327	17.9487	0.000230054	0.000220609	2.35429e-06	0.125483	2.22429e-05	9.31114e-05	0.0723273
4	128	6.83332	17.9487	0.00023044	0.000219974	2.35714e-06	0.125486	2.22686e-05	9.30886e-05	0.0723278
4	128	6.8322	17.9487	0.000230189	0.000220469	2.35429e-06	0.12546	2.22314e-05	9.312e-05	0.072312
4	128	6.83318	17.9487	0.000230054	0.000220377	2.36286e-06	0.125483	2.22057e-05	9.30743e-05	0.0723252
5	128	6.38727	21.9512	0.000237726	0.000227589	2.37143e-06	0.127673	2.414e-05	9.62114e-05	0.0988886
5	128	6.38783	21.9512	0.000237586	0.000227546	2.35143e-06	0.127682	2.41457e-05	9.62229e-05	0.0988974
5	128	6.38677	21.9512	0.00023752	0.000227817	2.35143e-06	0.127655	2.424e-05	9.59943e-05	0.0988796
5	128	6.3882	21.9512	0.000237586	0.000227483	2.36857e-06	0.127684	2.42543e-05	9.62514e-05	0.0989012
5	128	6.38789	21.9512	0.000237854	0.000227763	2.36857e-06	0.127681	2.41429e-05	9.63343e-05	0.098901
5	128	6.38759	21.9512	0.000237289	0.000227566	2.37714e-06	0.127675	2.41886e-05	9.62057e-05	0.0988932
5	128	6.38759	21.9512	0.00023762	0.00022714	2.36286e-06	0.127683	2.41229e-05	9.61743e-05	0.0988968
5	128	6.38672	21.9512	0.00023758	0.000227814	2.39143e-06	0.127659	2.41714e-05	9.62829e-05	0.0988775
5	128	6.388	21.9512	0.000237457	0.000227566	2.36857e-06	0.127685	2.422e-05	9.60314e-05	0.0989008
5	128	6.38779	21.9512	0.000237331	0.000227454	2.37714e-06	0.127681	2.41914e-05	9.61914e-05	0.0988964
6	128	5.33271	25.1462	0.00024362	0.000233254	2.63143e-06	0.12903	2.59571e-05	9.94886e-05	0.0962248
6	128	5.33234	25.1462	0.000243417	0.000233471	2.60857e-06	0.129017	2.59229e-05	9.91743e-05	0.0962142
6	128	5.33275	25.1462	0.000243823	0.00023294	2.64857e-06	0.129032	2.60314e-05	9.94543e-05	0.0962316
6	128	5.33212	25.1462	0.000243897	0.0002331	2.63143e-06	0.129016	2.59029e-05	9.94686e-05	0.0962195
6	128	5.33189	25.1462	0.000243823	0.00023334	2.64857e-06	0.129011	2.58543e-05	9.958e-05	0.0962076
6	128	5.33227	25.1462	0.000244114	0.000233166	2.64571e-06	0.129018	2.58657e-05	9.92543e-05	0.096221
6	128	5.33176	25.1462	0.000243163	0.000232943	2.62857e-06	0.129012	2.584e-05	9.94629e-05	0.0962097
6	128	5.33199	25.1462	0.000243943	0.000233389	2.63143e-06	0.129016	2.596e-05	9.92686e-05	0.0962182
6	128	5.33279	25.1462	0.000243977	0.000232863	2.63143e-06	0.129028	2.60029e-05	9.94686e-05	0.0962234
6	128	5.33244	25.1462	0.000243814	0.000233309	2.62e-06	0.129018	2.59686e-05	9.95314e-05	0.0962152
7	128	5.32806	30.0546	0.000255886	0.000243711	2.50571e-06	0.131851	2.63514e-05	0.000104123	0.11783
7	128	5.76169	31.1828	0.0002543	0.000243129	2.60571e-06	0.131693	2.69057e-05	0.000103934	0.127916
7	128	5.32808	30.0546	0.000255274	0.000243609	2.52e-06	0.13185	2.64114e-05	0.000104023	0.117836
7	128	5.32721	30.0546	0.000256371	0.000244134	2.55714e-06	0.131827	2.63829e-05	0.000104291	0.11781
7	128	5.32818	30.0546	0.000256271	0.000243429	2.54857e-06	0.131847	2.63714e-05	0.000104074	0.11783
7	128	5.32773	30.0546	0.000256249	0.000243743	2.51714e-06	0.13185	2.64286e-05	0.000104031	0.117832
7	128	5.32803	30.0546	0.000254831	0.000244037	2.49714e-06	0.131851	2.63971e-05	0.000104266	0.117832
7	128	5.32798	30.0546	0.000255	0.00024384	2.54286e-06	0.131849	2.64343e-05	0.000104143	0.117827
7	128	5.32851	30.0546	0.000255594	0.000243714	2.51714e-06	0.131829	2.64314e-05	0.00010438	0.117823
7	128	5.76131	31.1828	0.000253237	0.000242534	2.63429e-06	0.131682	2.67829e-05	0.000103611	0.127899
8	128	4.67118	30.8108	0.000268131	0.000255786	2.55143e-06	0.134066	2.88686e-05	0.000111294	0.100633
8	128	4.67079	30.8108	0.000267977	0.000256346	2.51143e-06	0.134063	2.87657e-05	0.000111463	0.100628
8	128	4.67131	30.8108	0.000267977	0.000256371	2.28571e-06	0.134076	2.87257e-05	0.000111291	0.100628
8	128	4.67057	30.8108	0.000267771	0.000255846	2.26571e-06	0.134075	2.87257e-05	0.000111174	0.100622
8	128	4.6708	30.8108	0.00026712	0.00025558	2.55714e-06	0.134056	2.89743e-05	0.000111434	0.100609
8	128	4.67072	30.8108	0.000267591	0.000255174	2.54286e-06	0.134063	2.88286e-05	0.000110929	0.100601
8	128	4.67049	30.8108	0.000267903	0.000256083	2.55143e-06	0.134051	2.89143e-05	0.000111206	0.100618
8	128	4.67075	30.8108	0.000268489	0.000256083	2.26e-06	0.134046	2.88829e-05	0.00011068	0.100628
8	128	4.67109	30.8108	0.00026712	0.00025596	2.34e-06	0.134053	2.89571e-05	0.000111071	0.100607
8	128	4.67061	30.8108	0.000267554	0.000255934	2.27143e-06	0.134033	2.87829e-05	0.000110657	0.10062
9	128	4.08747	34.359	0.000261363	0.000248331	2.64e-06	0.133334	3.04857e-05	0.000109931	0.113639
9	128	4.03734	33.6788	0.000264771	0.000251729	2.83429e-06	0.133496	3.05286e-05	0.000111829	0.102914
9	128	4.0872	34.359	0.00026136	0.000248097	2.63714e-06	0.133333	3.04e-05	0.000110023	0.11363
9	128	4.08808	34.359	0.000261311	0.000248057	2.59429e-06	0.133347	3.03057e-05	0.000110323	0.113643
9	128	4.08657	34.359	0.00026146	0.000248471	2.61714e-06	0.13334	3.04057e-05	0.000110157	0.11363
9	128	4.08721	34.359	0.000261471	0.000248186	2.59714e-06	0.133344	3.04657e-05	0.000109983	0.113635
9	128	4.08693	34.359	0.000261854	0.000247523	2.54e-06	0.133337	3.04257e-05	0.000109891	0.113627
9	128	4.2438	35.0254	0.0002656	0.000252057	2.28286e-06	0.132913	2.99229e-05	0.000110423	0.121342
9	128	4.08675	34.359	0.000261551	0.000247763	2.59429e-06	0.13334	3.05571e-05	0.000109663	0.113632
9	128	4.08681	34.359	0.000261063	0.000248349	2.5e-06	0.133342	3.03257e-05	0.000109769	0.113631
10	128	4.12222	39.3365	0.000277789	0.000263446	2.54286e-06	0.13514	3.09314e-05	0.000117031	0.133367
10	128	4.17698	37.8641	0.000278617	0.000264449	2.26286e-06	0.135818	3.124e-05	0.000117903	0.114533
10	128	4.1769	37.8641	0.000279043	0.000264917	2.39429e-06	0.135811	3.10857e-05	0.000118054	0.114524
10	128	4.17679	37.8641	0.000278757	0.00026468	2.45143e-06	0.135809	3.10829e-05	0.00011824	0.114528
10	128	4.17699	37.8641	0.000279914	0.00026586	2.39143e-06	0.135813	3.07543e-05	0.000118291	0.114526
10	128	4.17708	37.8641	0.000278811	0.000264229	2.39143e-06	0.135819	3.10486e-05	0.000118537	0.114534
10	128	4.17659	37.8641	0.000279483	0.000264457	2.40857e-06	0.135813	3.08914e-05	0.000117726	0.114528
10	128	4.17707	37.8641	0.000278283	0.000264597	2.35429e-06	0.135809	3.10457e-05	0.000118617	0.114539
10	128	4.17685	37.8641	0.000280223	0.00026486	2.39143e-06	0.135808	3.11171e-05	0.000118494	0.11453
10	128	4.17659	37.8641	0.000279249	0.000264951	2.41429e-06	0.135807	3.122e-05	0.000118451	0.114524
11	128	4.40767	43.6123	0.000284311	0.000269763	2.93429e-06	0.1373	3.24343e-05	0.000121051	0.152795
11	128	4.40781	43.6123	0.000284669	0.000270151	2.89429e-06	0.137303	3.21371e-05	0.000121254	0.152788
11	128	4.81011	43.8596	0.000285103	0.000269337	2.79429e-06	0.137248	3.156e-05	0.000121389	0.155988
11	128	4.40841	43.6123	0.000286386	0.000268843	2.86571e-06	0.137334	3.22943e-05	0.000121517	0.152817
11	128	4.4077	43.6123	0.000283943	0.000271006	2.91143e-06	0.137299	3.21229e-05	0.000121691	0.152789
11	128	4.40775	43.6123	0.000285466	0.000269666	2.84857e-06	0.137305	3.24057e-05	0.000121311	0.152793
11	128	4.81005	43.8596	0.000284434	0.00026956	2.7e-06	0.13726	3.15829e-05	0.00012142	0.155987
11	128	4.40771	43.6123	0.000284777	0.000269723	2.92e-06	0.137315	3.24886e-05	0.000122011	0.152788
11	128	4.40769	43.6123	0.00028506	0.000269671	2.90286e-06	0.137291	3.23829e-05	0.0001212	0.152781
11	128	4.40753	43.6123	0.000284626	0.000269894	2.88286e-06	0.137295	3.228e-05	0.000121303	0.152778
12	128	4.44971	47.1074	0.000301026	0.000282714	3.31429e-06	0.141384	3.48171e-05	0.000131349	0.174061
12	128	4.7788	47.541	0.0003052	0.000287171	2.37429e-06	0.142398	3.456e-05	0.00013184	0.181013
12	128	4.77866	47.541	0.00030456	0.000287371	2.34571e-06	0.142418	3.43486e-05	0.000131103	0.181026
12	128	4.77874	47.541	0.000302551	0.00028694	2.38857e-06	0.142411	3.47371e-05	0.0001315	0.180999
12	128	4.77906	47.541	0.000304389	0.000287629	2.36286e-06	0.142418	3.44229e-05	0.000132286	0.181037
12	128	4.4495	47.1074	0.000299411	0.000282849	3.33429e-06	0.14139	3.49543e-05	0.000131051	0.174056
12	128	4.77872	47.541	0.000304377	0.000287154	2.34286e-06	0.142397	3.45057e-05	0.000131943	0.181015
12	128	4.77847	47.541	0.000304263	0.000287646	2.38e-06	0.142387	3.44029e-05	0.000131283	0.181017
12	128	4.44972	47.1074	0.000300514	0.000284234	3.33143e-06	0.141393	3.50457e-05	0.000131589	0.174045
12	128	4.77894	47.541	0.000304706	0.000287474	2.31714e-06	0.142402	3.444e-05	0.000131697	0.181023
