N_THREADS	N_TRANSACTIONS	TIME	N_ABORTS	PROCESS_READ_TIME	PROCESS_WRITE_TIME	PROCESS_VALIDATION_TIME	PROCESS_OTHER_TIME	COMMIT_VALIDATION_TIME	COMMIT_OTHER_TIME	WASTED_TIME
1	192	0.90011	0	2.68771e-05	1.39743e-05	0	0.0046043	4.25714e-07	1.46029e-05	2.54e-06
1	192	0.900017	0	2.68857e-05	1.40057e-05	0	0.00460377	4.25714e-07	1.46057e-05	2.52571e-06
1	192	0.900052	0	2.69114e-05	1.40114e-05	0	0.00460388	4.22857e-07	1.46343e-05	2.54286e-06
1	192	0.899962	0	2.68714e-05	1.40057e-05	0	0.00460349	4.28571e-07	1.46171e-05	2.53429e-06
1	192	0.900123	0	2.68571e-05	1.39914e-05	0	0.00460433	4.28571e-07	1.462e-05	2.53714e-06
1	192	0.900137	0	2.68629e-05	1.39857e-05	0	0.00460436	4.22857e-07	1.46314e-05	2.56571e-06
1	192	0.900233	0	2.68857e-05	1.40057e-05	0	0.00460482	4.25714e-07	1.46571e-05	2.54857e-06
1	192	0.90003	0	2.68343e-05	1.40086e-05	0	0.00460385	4.22857e-07	1.46257e-05	2.52571e-06
1	192	0.900183	0	2.68514e-05	1.40229e-05	0	0.00460462	4.31429e-07	1.462e-05	2.52857e-06
1	192	0.899999	0	2.69086e-05	1.40029e-05	0	0.00460362	4.25714e-07	1.46486e-05	2.54571e-06
2	192	0.494841	4	2.85314e-05	1.53543e-05	5.42857e-08	0.00435639	2.31714e-06	1.552e-05	0.000689343
2	192	0.494773	4	2.84886e-05	1.54143e-05	5.42857e-08	0.00435574	2.31429e-06	1.55657e-05	0.000689177
2	192	0.4949	4	2.85514e-05	1.54e-05	5.42857e-08	0.00435705	2.31143e-06	1.55257e-05	0.000689369
2	192	0.494915	4	2.84771e-05	1.53829e-05	5.71429e-08	0.00435715	2.32e-06	1.55543e-05	0.000689314
2	192	0.494909	4	2.84686e-05	1.54086e-05	5.42857e-08	0.00435695	2.32e-06	1.54857e-05	0.000689506
2	192	0.494935	4.47761	2.84829e-05	1.53743e-05	5.42857e-08	0.00435685	2.3e-06	1.55543e-05	0.00068986
2	192	0.494858	4	2.85343e-05	1.53686e-05	5.42857e-08	0.00435666	2.32286e-06	1.54971e-05	0.000689326
2	192	0.494907	4	2.848e-05	1.54086e-05	5.42857e-08	0.00435681	2.31143e-06	1.56029e-05	0.000689511
2	192	0.494876	4	2.84771e-05	1.53743e-05	5.71429e-08	0.00435677	2.31143e-06	1.55314e-05	0.000689457
2	192	0.494823	4	2.84629e-05	1.54e-05	5.42857e-08	0.00435635	2.32e-06	1.55314e-05	0.000689297
3	192	0.354003	6.79612	2.85e-05	1.498e-05	2e-08	0.0040728	2.57143e-06	1.55e-05	0.00131934
3	192	0.353484	7.69231	2.842e-05	1.48914e-05	2e-08	0.0040719	2.62e-06	1.55029e-05	0.00131249
3	192	0.353585	7.24638	2.84e-05	1.48886e-05	2e-08	0.00407329	2.61714e-06	1.55514e-05	0.00131238
3	192	0.353559	7.69231	2.84e-05	1.484e-05	2e-08	0.00407311	2.62e-06	1.552e-05	0.00131257
3	192	0.354128	6.79612	2.85829e-05	1.49571e-05	2e-08	0.00407394	2.57714e-06	1.54914e-05	0.00132007
3	192	0.354037	7.69231	2.84714e-05	1.48914e-05	2e-08	0.00407287	2.56571e-06	1.54714e-05	0.00131962
3	192	0.354137	7.69231	2.85429e-05	1.49057e-05	2e-08	0.00407328	2.62857e-06	1.55657e-05	0.00132055
3	192	0.354115	6.79612	2.854e-05	1.494e-05	2.57143e-08	0.00407348	2.65714e-06	1.55371e-05	0.00131992
3	192	0.353529	7.24638	2.84314e-05	1.48657e-05	2.28571e-08	0.00407295	2.61143e-06	1.54571e-05	0.00131227
3	192	0.353783	7.24638	2.84657e-05	1.49229e-05	2e-08	0.00407195	2.56e-06	1.55086e-05	0.00131689
4	192	0.30381	11.5207	3.16829e-05	1.76086e-05	2.85714e-09	0.00363282	2.89143e-06	1.702e-05	0.002501
4	192	0.340692	11.1111	3.11429e-05	1.71629e-05	5.71429e-09	0.00433472	2.74e-06	1.68943e-05	0.00250658
4	192	0.340638	10.6977	3.11629e-05	1.72686e-05	2.85714e-09	0.00433317	2.76e-06	1.68543e-05	0.00250541
4	192	0.303895	11.5207	3.172e-05	1.764e-05	2.85714e-09	0.00363387	2.87714e-06	1.69743e-05	0.00250164
4	192	0.303849	11.5207	3.17429e-05	1.76771e-05	5.71429e-09	0.00363363	2.89714e-06	1.70057e-05	0.00250133
4	192	0.30385	11.1111	3.17486e-05	1.76914e-05	5.71429e-09	0.00363384	2.88e-06	1.69886e-05	0.00250084
4	192	0.303819	11.5207	3.17514e-05	1.76486e-05	2.85714e-09	0.00363357	2.88857e-06	1.696e-05	0.00250099
4	192	0.303845	11.5207	3.17257e-05	1.76257e-05	2.85714e-09	0.00363411	2.87429e-06	1.69057e-05	0.00250127
4	192	0.30389	11.5207	3.18486e-05	1.77257e-05	8.57143e-09	0.00363445	2.93714e-06	1.69857e-05	0.00250149
4	192	0.303904	10.6977	3.17743e-05	1.768e-05	8.57143e-09	0.00363473	2.92571e-06	1.696e-05	0.00250124
5	192	0.250853	13.5135	3.33257e-05	1.83286e-05	9.14286e-08	0.00376883	3.50286e-06	1.77686e-05	0.00252989
5	192	0.250817	13.5135	3.32457e-05	1.83229e-05	8.28571e-08	0.00376953	3.48571e-06	1.78057e-05	0.00252934
5	192	0.250845	14.2857	3.32457e-05	1.82829e-05	8.28571e-08	0.00376912	3.46571e-06	1.77543e-05	0.00253024
5	192	0.250794	13.5135	3.32457e-05	1.836e-05	8.28571e-08	0.00376925	3.46e-06	1.778e-05	0.00252938
5	192	0.250876	14.2857	3.33257e-05	1.82486e-05	8.28571e-08	0.00376926	3.45429e-06	1.76486e-05	0.00253075
5	192	0.250783	13.5135	3.32829e-05	1.83829e-05	8.85714e-08	0.00376838	3.51714e-06	1.78086e-05	0.0025296
5	192	0.250859	13.9013	3.34e-05	1.82914e-05	9.42857e-08	0.00376902	3.51143e-06	1.77314e-05	0.00252993
5	192	0.250815	13.5135	3.32657e-05	1.83171e-05	8.85714e-08	0.00376895	3.47143e-06	1.76514e-05	0.00252924
5	192	0.250854	13.5135	3.324e-05	1.82743e-05	8.28571e-08	0.00376997	3.47429e-06	1.778e-05	0.00253001
5	192	0.250773	13.1222	3.32514e-05	1.83171e-05	8.28571e-08	0.00376962	3.45429e-06	1.77429e-05	0.00252848
6	192	0.241161	15.7895	3.20971e-05	1.61571e-05	2.34286e-07	0.00468021	3.35714e-06	1.73914e-05	0.00244426
6	192	0.223041	14.6667	3.22714e-05	1.63514e-05	9.42857e-08	0.00408703	3.62857e-06	1.76543e-05	0.00261155
6	192	0.223008	15.4185	3.24e-05	1.63229e-05	8.85714e-08	0.00408697	3.50857e-06	1.768e-05	0.00261107
6	192	0.223071	15.0442	3.22686e-05	1.63514e-05	8.28571e-08	0.00408744	3.56286e-06	1.776e-05	0.00261217
6	192	0.222833	17.5966	3.24114e-05	1.64143e-05	8.85714e-08	0.00409798	3.59714e-06	1.77743e-05	0.00259553
6	192	0.22304	15.4185	3.21686e-05	1.63114e-05	8.28571e-08	0.00408647	3.52286e-06	1.762e-05	0.00261189
6	192	0.223027	15.4185	3.20914e-05	1.62257e-05	9.14286e-08	0.00408586	3.50571e-06	1.774e-05	0.00261165
6	192	0.223017	15.0442	3.22371e-05	1.63514e-05	8.57143e-08	0.00408599	3.53429e-06	1.77514e-05	0.00261196
6	192	0.222867	17.2414	3.23886e-05	1.63486e-05	9.14286e-08	0.00409952	3.64857e-06	1.77429e-05	0.00259529
6	192	0.223042	15.0442	3.224e-05	1.63486e-05	8.57143e-08	0.00408704	3.59143e-06	1.75457e-05	0.00261165
7	192	0.225037	21.3115	3.49143e-05	1.752e-05	1.31429e-07	0.00458048	3.51714e-06	1.90486e-05	0.00331382
7	192	0.225001	21.6327	3.486e-05	1.76143e-05	1.34286e-07	0.0045785	3.47429e-06	1.92657e-05	0.00331392
7	192	0.22496	20.9877	3.46686e-05	1.72914e-05	1.28571e-07	0.00452961	3.54571e-06	1.916e-05	0.00334655
7	192	0.225001	20.9877	3.50629e-05	1.762e-05	1.54286e-07	0.00457864	3.56571e-06	1.91314e-05	0.00331381
7	192	0.224794	20.6612	3.47029e-05	1.73086e-05	1.31429e-07	0.00452752	3.56571e-06	1.92829e-05	0.00334725
7	192	0.224881	20.9877	3.48e-05	1.72e-05	1.34286e-07	0.00452997	3.45714e-06	1.91486e-05	0.00334728
7	192	0.225029	21.3115	3.48743e-05	1.74971e-05	1.45714e-07	0.00457995	3.64e-06	1.90486e-05	0.00331359
7	192	0.223569	21.6327	3.492e-05	1.71171e-05	1.54286e-07	0.00453399	3.64286e-06	1.898e-05	0.00330543
7	192	0.224843	20.9877	3.45571e-05	1.71857e-05	1.25714e-07	0.00452821	3.42286e-06	1.91343e-05	0.00334535
7	192	0.224888	20.6612	3.47286e-05	1.72229e-05	1.37143e-07	0.00452909	3.47714e-06	1.91314e-05	0.00334739
8	192	0.212621	23.506	3.79943e-05	1.93514e-05	5.42857e-08	0.00408528	3.77143e-06	2.08543e-05	0.00441047
8	192	0.212734	23.8095	3.82371e-05	1.932e-05	6.85714e-08	0.00408705	3.79714e-06	2.07886e-05	0.00441193
8	192	0.212709	24.1107	3.81571e-05	1.94514e-05	7.14286e-08	0.00408836	3.84286e-06	2.08829e-05	0.00441244
8	192	0.212517	23.2	3.80829e-05	1.93686e-05	6e-08	0.00408465	3.91429e-06	2.08571e-05	0.00441345
8	192	0.212707	22.8916	3.80514e-05	1.92743e-05	6e-08	0.00408712	3.83143e-06	2.068e-05	0.00441109
8	192	0.212456	23.8095	3.80771e-05	1.94429e-05	5.71429e-08	0.00408248	3.81429e-06	2.08629e-05	0.00441207
8	192	0.212407	23.2	3.81143e-05	1.94286e-05	6.85714e-08	0.00408403	3.84e-06	2.08743e-05	0.00440985
8	192	0.212551	23.8095	3.812e-05	1.93629e-05	6.85714e-08	0.00408617	3.98857e-06	2.098e-05	0.00441468
8	192	0.21253	24.1107	3.80286e-05	1.95057e-05	6.57143e-08	0.0040861	3.74857e-06	2.10143e-05	0.00441292
8	192	0.212557	24.1107	3.78257e-05	1.95057e-05	6.57143e-08	0.00408491	3.74286e-06	2.09029e-05	0.00441589
9	192	0.23418	26.9962	4.00371e-05	2.03114e-05	6.57143e-08	0.00480328	4.12857e-06	2.25829e-05	0.0052877
9	192	0.234237	27.2727	4.038e-05	2.05e-05	5.71429e-08	0.00480638	4.27143e-06	2.25029e-05	0.00528866
9	192	0.234245	26.9962	4.01171e-05	2.03457e-05	6e-08	0.00480025	4.16286e-06	2.23086e-05	0.00528769
9	192	0.234202	26.7176	3.98171e-05	2.04657e-05	6.85714e-08	0.00480121	4.27143e-06	2.252e-05	0.00528729
9	192	0.234208	26.4368	4.00514e-05	2.03514e-05	6e-08	0.00480059	4.14571e-06	2.21857e-05	0.00528774
9	192	0.234237	27.2727	4.03457e-05	2.03171e-05	6.85714e-08	0.00480242	4.28286e-06	2.24457e-05	0.00528899
9	192	0.234237	26.7176	4.00714e-05	2.04371e-05	6.28571e-08	0.00480189	4.15714e-06	2.23971e-05	0.00528768
9	192	0.23424	26.7176	3.99743e-05	2.028e-05	5.71429e-08	0.00479935	4.18571e-06	2.244e-05	0.00528793
9	192	0.234323	26.4368	4.036e-05	2.054e-05	6.57143e-08	0.00480227	4.21714e-06	2.24714e-05	0.00528905
9	192	0.234275	26.4368	4.03143e-05	2.04143e-05	6e-08	0.00480077	4.26857e-06	2.25114e-05	0.00528903
10	192	0.187159	30.1818	4.48057e-05	2.222e-05	3.71429e-07	0.00436931	4.48571e-06	2.43086e-05	0.00492883
10	192	0.187283	30.4348	4.47886e-05	2.18486e-05	3.22857e-07	0.00437141	4.57143e-06	2.41914e-05	0.00493005
10	192	0.187597	31.1828	4.492e-05	2.24171e-05	3.51429e-07	0.00437382	4.50857e-06	2.42829e-05	0.0049331
10	192	0.187419	29.927	4.56029e-05	2.23143e-05	3.28571e-07	0.00437601	4.52857e-06	2.44257e-05	0.00492549
10	192	0.18739	31.4286	4.492e-05	2.18229e-05	3.4e-07	0.00437533	4.48286e-06	2.42371e-05	0.00493201
10	192	0.187205	30.4348	4.46714e-05	2.19743e-05	3.51429e-07	0.00436853	4.36857e-06	2.44486e-05	0.00493007
10	192	0.187398	30.4348	4.50029e-05	2.198e-05	3.62857e-07	0.00437427	4.46857e-06	2.44314e-05	0.00493069
10	192	0.187318	30.4348	4.48914e-05	2.20029e-05	3.48571e-07	0.00437413	4.60571e-06	2.418e-05	0.00493175
10	192	0.187602	31.4286	4.48571e-05	2.23343e-05	3.31429e-07	0.00437715	4.45429e-06	2.42886e-05	0.00493005
10	192	0.187329	29.927	4.49029e-05	2.22914e-05	3.45714e-07	0.00437251	4.34e-06	2.42686e-05	0.00492787
11	192	0.220956	34.6939	4.81e-05	2.39029e-05	1.94286e-07	0.00518419	4.14571e-06	2.618e-05	0.00694443
11	192	0.221019	34.6939	4.83429e-05	2.38771e-05	2.02857e-07	0.00518891	4.24571e-06	2.64571e-05	0.00694691
11	192	0.22074	34.471	4.79829e-05	2.38314e-05	1.94286e-07	0.00517605	4.25429e-06	2.64343e-05	0.00694357
11	192	0.220838	33.564	4.81771e-05	2.40886e-05	1.91429e-07	0.00518378	4.28571e-06	2.64571e-05	0.00694379
11	192	0.220478	34.471	4.78943e-05	2.35286e-05	2.42857e-07	0.00508817	4.43429e-06	2.62771e-05	0.00702633
11	192	0.220953	33.7931	4.78943e-05	2.37743e-05	2.05714e-07	0.00518734	4.24857e-06	2.66086e-05	0.0069471
11	192	0.220432	33.7931	4.78657e-05	2.38457e-05	2e-07	0.00508951	4.42857e-06	2.644e-05	0.00702672
11	192	0.220816	33.3333	4.788e-05	2.41486e-05	1.85714e-07	0.00518362	4.29143e-06	2.61e-05	0.00694057
11	192	0.22051	34.6939	4.768e-05	2.37571e-05	1.91429e-07	0.00509041	4.02e-06	2.61286e-05	0.00702959
11	192	0.220866	34.9153	4.83629e-05	2.39e-05	2e-07	0.00517571	4.22286e-06	2.66743e-05	0.00694565
12	192	0.211014	37.2549	5.10257e-05	2.46257e-05	1e-07	0.00508866	4.59429e-06	2.786e-05	0.00752067
12	192	0.211047	37.2549	5.12543e-05	2.48543e-05	7.42857e-08	0.00509456	4.22e-06	2.79486e-05	0.00753164
12	192	0.211187	37.4593	5.11771e-05	2.48057e-05	9.14286e-08	0.00509719	4.17143e-06	2.76457e-05	0.00753534
12	192	0.211028	38.0645	5.138e-05	2.444e-05	1.14286e-07	0.00508766	4.69143e-06	2.80486e-05	0.00752068
12	192	0.211404	38.2637	5.09629e-05	2.48886e-05	7.42857e-08	0.00510497	4.26286e-06	2.79371e-05	0.00754149
12	192	0.211189	39.0476	5.12e-05	2.456e-05	6.28571e-08	0.00509527	4.27143e-06	2.76457e-05	0.00752419
12	192	0.211089	37.0492	5.11057e-05	2.49314e-05	1e-07	0.00509645	4.54e-06	2.76686e-05	0.00753152
12	192	0.21108	37.2549	5.08229e-05	2.47943e-05	7.42857e-08	0.00509448	4.20286e-06	2.74029e-05	0.00752354
12	192	0.211234	37.6623	5.098e-05	2.47543e-05	8.28571e-08	0.00509637	4.29429e-06	2.79571e-05	0.00752795
12	192	0.211093	37.6623	5.15171e-05	2.48371e-05	8e-08	0.00509645	4.31143e-06	2.78886e-05	0.0075323
