N_THREADS	N_TRANSACTIONS	TIME	N_ABORTS	PROCESS_READ_TIME	PROCESS_WRITE_TIME	PROCESS_VALIDATION_TIME	PROCESS_OTHER_TIME	COMMIT_VALIDATION_TIME	COMMIT_OTHER_TIME	WASTED_TIME
1	1000	0.175056	0	1.48686e-05	1.34543e-05	0	2.39086e-05	0	8.95429e-06	1.08e-06	0.25
1	1000	0.175078	0	1.48657e-05	1.34629e-05	0	2.39371e-05	0	8.95714e-06	1.07143e-06	0.24
1	1000	0.175033	0	1.48657e-05	1.34486e-05	0	2.39e-05	0	8.95429e-06	1.07714e-06	0.24
1	1000	0.175059	0	1.48686e-05	1.346e-05	0	2.39114e-05	0	8.96571e-06	1.06e-06	0.24
1	1000	0.175067	0	1.48743e-05	1.34743e-05	0	2.38943e-05	0	8.96286e-06	1.07429e-06	0.24
1	1000	0.175046	0	1.48743e-05	1.34429e-05	0	2.39114e-05	0	8.95714e-06	1.06857e-06	0.24
1	1000	0.175044	0	1.484e-05	1.34686e-05	0	2.39057e-05	0	8.96e-06	1.07143e-06	0.24
1	1000	0.175028	0	1.48686e-05	1.34571e-05	0	2.38914e-05	0	8.95714e-06	1.06571e-06	0.24
1	1000	0.175038	0	1.48743e-05	1.34514e-05	0	2.39086e-05	0	8.95429e-06	1.06857e-06	0.24
1	1000	0.175038	0	1.48714e-05	1.34486e-05	0	2.38971e-05	0	8.95429e-06	1.08e-06	0.24
2	2000	0.175586	0	1.49514e-05	1.34771e-05	1.71429e-08	2.402e-05	2.85714e-09	8.99143e-06	1.05143e-06	0.25
2	2000	0.175575	0	1.49457e-05	1.34743e-05	1.42857e-08	2.40143e-05	2.85714e-09	8.99143e-06	1.05429e-06	0.24
2	2000	0.175562	0	1.49543e-05	1.34629e-05	1.42857e-08	2.40229e-05	2.85714e-09	8.98571e-06	1.06e-06	0.24
2	2000	0.175587	0	1.49486e-05	1.34714e-05	1.42857e-08	2.40286e-05	2.85714e-09	8.98571e-06	1.06e-06	0.24
2	2000	0.175574	0	1.49629e-05	1.34571e-05	1.71429e-08	2.402e-05	2.85714e-09	8.98571e-06	1.06e-06	0.24
2	2000	0.175574	0	1.49571e-05	1.34714e-05	1.42857e-08	2.40143e-05	2.85714e-09	8.98857e-06	1.05714e-06	0.24
2	2000	0.175583	0	1.49486e-05	1.34657e-05	1.42857e-08	2.40343e-05	2.85714e-09	8.99143e-06	1.05714e-06	0.24
2	2000	0.17563	0	1.49514e-05	1.34743e-05	1.71429e-08	2.404e-05	2.85714e-09	8.99143e-06	1.05714e-06	0.24
2	2000	0.175571	0	1.49429e-05	1.34686e-05	1.42857e-08	2.40314e-05	2.85714e-09	8.98857e-06	1.06e-06	0.24
2	2000	0.175557	0	1.496e-05	1.34486e-05	1.14286e-08	2.40343e-05	2.85714e-09	8.98286e-06	1.06286e-06	0.24
3	3000	0.177913	0	1.52571e-05	1.35857e-05	1.22857e-07	2.48171e-05	8.57143e-09	9.22857e-06	1.06e-06	0.25
3	3000	0.177924	0	1.52629e-05	1.358e-05	1.31429e-07	2.48114e-05	8.57143e-09	9.22857e-06	1.05714e-06	0.24
3	3000	0.177897	0	1.52571e-05	1.35829e-05	1.2e-07	2.48143e-05	8.57143e-09	9.23143e-06	1.06e-06	0.24
3	3000	0.177911	0	1.52629e-05	1.35829e-05	1.28571e-07	2.48029e-05	8.57143e-09	9.22857e-06	1.05714e-06	0.24
3	3000	0.177912	0	1.52514e-05	1.358e-05	1.2e-07	2.48343e-05	8.57143e-09	9.22571e-06	1.05429e-06	0.24
3	3000	0.17789	0	1.52629e-05	1.35857e-05	1.14286e-07	2.48171e-05	8.57143e-09	9.23143e-06	1.05429e-06	0.24
3	3000	0.177902	0	1.52629e-05	1.35857e-05	1.22857e-07	2.48029e-05	8.57143e-09	9.22286e-06	1.06286e-06	0.24
3	3000	0.177927	0	1.52486e-05	1.35857e-05	1.2e-07	2.48486e-05	8.57143e-09	9.22571e-06	1.05714e-06	0.24
3	3000	0.177927	0	1.52543e-05	1.35829e-05	1.17143e-07	2.48457e-05	8.57143e-09	9.22857e-06	1.06e-06	0.24
3	3000	0.177898	0	1.52486e-05	1.35829e-05	1.14286e-07	2.48343e-05	8.57143e-09	9.22857e-06	1.06286e-06	0.24
4	4000	0.185198	0.124844	1.79543e-05	1.42629e-05	3.38286e-06	2.17229e-05	3.14286e-08	9.58e-06	1.11714e-06	0.27
4	4000	0.185189	0.0999001	1.79571e-05	1.42743e-05	3.38857e-06	2.17114e-05	3.42857e-08	9.57143e-06	1.1e-06	0.25
4	4000	0.1852	0.0999001	1.79514e-05	1.42657e-05	3.40857e-06	2.17057e-05	2.57143e-08	9.57714e-06	1.09143e-06	0.25
4	4000	0.185181	0.0999001	1.796e-05	1.42829e-05	3.38857e-06	2.17114e-05	2.57143e-08	9.57429e-06	1.09429e-06	0.25
4	4000	0.185209	0.124844	1.79743e-05	1.42686e-05	3.38857e-06	2.17029e-05	3.42857e-08	9.58e-06	1.11429e-06	0.25
4	4000	0.185159	0.0999001	1.79514e-05	1.42771e-05	3.37714e-06	2.17171e-05	2.28571e-08	9.58e-06	1.1e-06	0.25
4	4000	0.185223	0.0999001	1.79771e-05	1.42771e-05	3.44e-06	2.16371e-05	2.85714e-08	9.57143e-06	1.09714e-06	0.25
4	4000	0.185183	0.0999001	1.79486e-05	1.42657e-05	3.36857e-06	2.17543e-05	3.14286e-08	9.57429e-06	1.10571e-06	0.25
4	4000	0.185198	0.0999001	1.79514e-05	1.42714e-05	3.41429e-06	2.168e-05	2.85714e-08	9.58e-06	1.1e-06	0.25
4	4000	0.185225	0.124844	1.796e-05	1.42657e-05	3.41143e-06	2.16829e-05	2.85714e-08	9.58286e-06	1.11429e-06	0.25
5	5000	0.190095	0.059964	1.89971e-05	1.46857e-05	4.67143e-06	2.15143e-05	7.71429e-08	9.8e-06	1.06286e-06	0.27
5	5000	0.190119	0.179677	1.9e-05	1.47e-05	4.64286e-06	2.15457e-05	7.14286e-08	9.78571e-06	1.12286e-06	0.25
5	5000	0.190117	0.0999001	1.90057e-05	1.46857e-05	4.67714e-06	2.15286e-05	6.28571e-08	9.78e-06	1.08e-06	0.25
5	5000	0.190035	0.039984	1.89971e-05	1.46857e-05	4.66857e-06	2.14943e-05	6.85714e-08	9.78e-06	1.05714e-06	0.25
5	5000	0.190215	0.159744	1.90286e-05	1.46914e-05	4.66857e-06	2.15086e-05	8.85714e-08	9.78571e-06	1.11714e-06	0.25
5	5000	0.190108	0.059964	1.90086e-05	1.46857e-05	4.70571e-06	2.14829e-05	6.28571e-08	9.78286e-06	1.06e-06	0.25
5	5000	0.190138	0.139804	1.902e-05	1.46943e-05	4.65714e-06	2.15314e-05	6.28571e-08	9.79143e-06	1.10857e-06	0.25
5	5000	0.190133	0.059964	1.90114e-05	1.46886e-05	4.70286e-06	2.14914e-05	6.85714e-08	9.78857e-06	1.06857e-06	0.25
5	5000	0.190282	0.159744	1.902e-05	1.46857e-05	4.73143e-06	2.14686e-05	5.42857e-08	9.78571e-06	1.12e-06	0.25
5	5000	0.190235	0.159744	1.90171e-05	1.47e-05	4.7e-06	2.14857e-05	7.42857e-08	9.79429e-06	1.12e-06	0.25
6	6000	0.201305	0.149775	2.20971e-05	1.61029e-05	7.71143e-06	2.032e-05	4.2e-07	1.05571e-05	1.24571e-06	0.29
6	6000	0.201329	0.166389	2.20629e-05	1.61e-05	7.72286e-06	2.034e-05	4.05714e-07	1.05486e-05	1.26571e-06	0.27
6	6000	0.201263	0.149775	2.20343e-05	1.60914e-05	7.65714e-06	2.04457e-05	4.51429e-07	1.056e-05	1.25143e-06	0.27
6	6000	0.201289	0.182998	2.206e-05	1.60943e-05	7.71429e-06	2.03457e-05	4.14286e-07	1.056e-05	1.28286e-06	0.26
6	6000	0.201294	0.166389	2.20743e-05	1.60857e-05	7.67714e-06	2.03914e-05	4.14286e-07	1.05486e-05	1.26571e-06	0.26
6	6000	0.201391	0.265957	2.20886e-05	1.61086e-05	7.66857e-06	2.03971e-05	4.17143e-07	1.05543e-05	1.30857e-06	0.26
6	6000	0.201417	0.182998	2.20686e-05	1.60943e-05	7.70286e-06	2.03714e-05	4.25714e-07	1.05429e-05	1.27429e-06	0.26
6	6000	0.201348	0.249377	2.206e-05	1.61143e-05	7.68857e-06	2.03657e-05	4.11429e-07	1.05514e-05	1.32571e-06	0.26
6	6000	0.201354	0.199601	2.20857e-05	1.60943e-05	7.63429e-06	2.04514e-05	4.45714e-07	1.05657e-05	1.28571e-06	0.26
6	6000	0.201296	0.182998	2.20514e-05	1.60971e-05	7.65429e-06	2.04314e-05	4.31429e-07	1.05514e-05	1.27714e-06	0.27
7	7000	0.215628	0.2849	2.56171e-05	1.76543e-05	1.02314e-05	2.01657e-05	1.51714e-06	1.17057e-05	1.55143e-06	0.31
7	7000	0.215796	0.355872	2.56114e-05	1.76657e-05	1.024e-05	2.02114e-05	1.48857e-06	1.17371e-05	1.61143e-06	0.28
7	7000	0.215841	0.370054	2.56229e-05	1.76429e-05	1.02743e-05	2.01543e-05	1.50571e-06	1.17114e-05	1.59714e-06	0.28
7	7000	0.215697	0.242269	2.56229e-05	1.76371e-05	1.02571e-05	2.01514e-05	1.45143e-06	1.17314e-05	1.52571e-06	0.28
7	7000	0.215632	0.2849	2.56429e-05	1.766e-05	1.02457e-05	2.01571e-05	1.44571e-06	1.17286e-05	1.56571e-06	0.28
7	7000	0.215776	0.327495	2.55771e-05	1.76629e-05	1.01429e-05	2.02486e-05	1.55714e-06	1.17657e-05	1.58286e-06	0.28
7	7000	0.215743	0.299103	2.56314e-05	1.76429e-05	1.02657e-05	2.01429e-05	1.47429e-06	1.17057e-05	1.58571e-06	0.28
7	7000	0.215646	0.256483	2.56114e-05	1.76429e-05	1.02257e-05	2.018e-05	1.45143e-06	1.17314e-05	1.54e-06	0.28
7	7000	0.215877	0.2849	2.56229e-05	1.764e-05	1.02914e-05	2.01514e-05	1.48e-06	1.17229e-05	1.56857e-06	0.28
7	7000	0.215756	0.299103	2.56229e-05	1.76457e-05	1.02886e-05	2.01229e-05	1.47429e-06	1.17143e-05	1.57143e-06	0.28
8	8000	0.243078	0.348779	3.23086e-05	2.12143e-05	1.45343e-05	2.04886e-05	4.80286e-06	1.40886e-05	1.84e-06	0.32
8	8000	0.242998	0.373599	3.22971e-05	2.12343e-05	1.43743e-05	2.06343e-05	4.87143e-06	1.41343e-05	1.84857e-06	0.30
8	8000	0.243133	0.348779	3.23343e-05	2.12114e-05	1.444e-05	2.05743e-05	4.85429e-06	1.41114e-05	1.80286e-06	0.30
8	8000	0.243039	0.373599	3.23086e-05	2.12286e-05	1.448e-05	2.05714e-05	4.80571e-06	1.41371e-05	1.83429e-06	0.31
8	8000	0.242958	0.323947	3.23029e-05	2.12457e-05	1.43486e-05	2.06686e-05	4.84571e-06	1.41743e-05	1.80286e-06	0.30
8	8000	0.24293	0.299103	3.22629e-05	2.12543e-05	1.42971e-05	2.074e-05	4.86286e-06	1.41571e-05	1.76286e-06	0.30
8	8000	0.243088	0.323947	3.228e-05	2.12429e-05	1.44771e-05	2.05343e-05	4.78571e-06	1.41429e-05	1.80857e-06	0.30
8	8000	0.243019	0.373599	3.22686e-05	2.11971e-05	1.45857e-05	2.04143e-05	4.77714e-06	1.40771e-05	1.85429e-06	0.30
8	8000	0.242893	0.261813	3.22486e-05	2.12086e-05	1.44114e-05	2.05886e-05	4.84e-06	1.41314e-05	1.71429e-06	0.30
8	8000	0.242897	0.274246	3.23114e-05	2.12314e-05	1.44e-05	2.06086e-05	4.83429e-06	1.41486e-05	1.74286e-06	0.31
9	9000	0.282086	0.354296	4.16114e-05	2.62771e-05	2.14429e-05	2.03057e-05	9.18571e-06	1.77857e-05	2.21429e-06	0.37
9	9000	0.282235	0.354296	4.16714e-05	2.63029e-05	2.13914e-05	2.03771e-05	9.20571e-06	1.78171e-05	2.18857e-06	0.34
9	9000	0.282504	0.563474	4.16629e-05	2.62657e-05	2.14571e-05	2.02971e-05	9.27714e-06	1.77543e-05	2.41714e-06	0.34
9	9000	0.282107	0.431464	4.16257e-05	2.62286e-05	2.15914e-05	2.01171e-05	9.12571e-06	1.77514e-05	2.32e-06	0.34
9	9000	0.282073	0.354296	4.16429e-05	2.62257e-05	2.16743e-05	2.00486e-05	9.08e-06	1.77629e-05	2.17429e-06	0.34
9	9000	0.282152	0.508512	4.15571e-05	2.62629e-05	2.13686e-05	2.04057e-05	9.30857e-06	1.77257e-05	2.36857e-06	0.34
9	9000	0.282535	0.464499	4.16857e-05	2.62743e-05	2.14914e-05	2.028e-05	9.16571e-06	1.77829e-05	2.32e-06	0.35
9	9000	0.28227	0.48651	4.15457e-05	2.62714e-05	2.13886e-05	2.03857e-05	9.26286e-06	1.77943e-05	2.31429e-06	0.35
9	9000	0.282359	0.376356	4.16143e-05	2.62429e-05	2.14943e-05	2.02171e-05	9.20571e-06	1.77857e-05	2.2e-06	0.34
9	9000	0.282302	0.310146	4.16886e-05	2.62314e-05	2.15257e-05	2.02086e-05	9.14e-06	1.78057e-05	2.12857e-06	0.34
10	10000	0.328104	0.576655	5.20714e-05	3.16571e-05	3.12e-05	1.76771e-05	1.53314e-05	2.14343e-05	3.04286e-06	0.42
10	10000	0.328013	0.447984	5.21543e-05	3.164e-05	3.12257e-05	1.76429e-05	1.52229e-05	2.15029e-05	2.82286e-06	0.40
10	10000	0.328128	0.428159	5.22e-05	3.16371e-05	3.13714e-05	1.74486e-05	1.53086e-05	2.14486e-05	2.78286e-06	0.40
10	10000	0.328347	0.586539	5.212e-05	3.16086e-05	3.12514e-05	1.76657e-05	1.53343e-05	2.142e-05	3.02286e-06	0.40
10	10000	0.328224	0.606302	5.21171e-05	3.16429e-05	3.11714e-05	1.77029e-05	1.53e-05	2.148e-05	3.06571e-06	0.40
10	10000	0.328032	0.51731	5.20514e-05	3.15743e-05	3.126e-05	1.756e-05	1.54657e-05	2.13657e-05	2.94857e-06	0.40
10	10000	0.328159	0.487611	5.21086e-05	3.164e-05	3.13086e-05	1.75171e-05	1.53657e-05	2.14029e-05	2.94e-06	0.40
10	10000	0.328007	0.527206	5.20886e-05	3.17171e-05	3.11886e-05	1.76686e-05	1.53343e-05	2.14543e-05	2.93143e-06	0.40
10	10000	0.328018	0.556881	5.21029e-05	3.16e-05	3.11971e-05	1.76543e-05	1.54543e-05	2.13629e-05	2.93429e-06	0.40
10	10000	0.328273	0.457894	5.21029e-05	3.16829e-05	3.12229e-05	1.76286e-05	1.52629e-05	2.14943e-05	2.88e-06	0.40
11	11000	0.3746	0.650289	6.102e-05	3.52686e-05	4.28343e-05	1.27229e-05	2.72714e-05	2.21886e-05	3.68857e-06	0.46
11	11000	0.374523	0.659261	6.09771e-05	3.52514e-05	4.29971e-05	1.254e-05	2.70686e-05	2.22657e-05	3.66571e-06	0.44
11	11000	0.374316	0.533502	6.08886e-05	3.52343e-05	4.29e-05	1.25914e-05	2.736e-05	2.20514e-05	3.49714e-06	0.44
11	11000	0.374383	0.659261	6.09743e-05	3.52e-05	4.28114e-05	1.26857e-05	2.74657e-05	2.20143e-05	3.64e-06	0.44
11	11000	0.374612	0.650289	6.10543e-05	3.52486e-05	4.284e-05	1.27686e-05	2.72829e-05	2.21943e-05	3.69143e-06	0.44
11	11000	0.374778	0.659261	6.10429e-05	3.52571e-05	4.294e-05	1.25371e-05	2.72429e-05	2.21514e-05	3.71429e-06	0.44
11	11000	0.374665	0.596421	6.104e-05	3.52171e-05	4.29286e-05	1.25057e-05	2.75029e-05	2.20886e-05	3.61143e-06	0.44
11	11000	0.374675	0.63234	6.09829e-05	3.522e-05	4.28457e-05	1.25829e-05	2.82857e-05	2.158e-05	3.64857e-06	0.44
11	11000	0.374594	0.560477	6.10286e-05	3.524e-05	4.284e-05	1.26571e-05	2.78171e-05	2.19057e-05	3.54e-06	0.44
11	11000	0.37489	0.739939	6.10257e-05	3.52371e-05	4.29343e-05	1.25371e-05	2.75371e-05	2.19457e-05	3.86857e-06	0.44
12	12000	0.42814	0.810051	7.13886e-05	3.832e-05	5.69886e-05	3.48857e-06	5.22886e-05	1.46857e-05	4.77143e-06	0.52
12	12000	0.42798	0.662252	7.15371e-05	3.83029e-05	5.71771e-05	3.21143e-06	5.20314e-05	1.49229e-05	4.41714e-06	0.49
12	12000	0.427969	0.662252	7.15314e-05	3.82543e-05	5.71914e-05	3.11143e-06	5.21343e-05	1.48429e-05	4.40857e-06	0.49
12	12000	0.428068	0.851029	7.14143e-05	3.83257e-05	5.69486e-05	3.54571e-06	5.24543e-05	1.46629e-05	4.88571e-06	0.49
12	12000	0.428361	0.744417	7.14657e-05	3.828e-05	5.70543e-05	3.38e-06	5.25343e-05	1.46086e-05	4.60571e-06	0.49
12	12000	0.428064	0.678696	7.15914e-05	3.83057e-05	5.73086e-05	3.11143e-06	5.17e-05	1.52086e-05	4.40571e-06	0.49
12	12000	0.427845	0.752626	7.15486e-05	3.83343e-05	5.70714e-05	3.32286e-06	5.18229e-05	1.51257e-05	4.60571e-06	0.49
12	12000	0.428247	0.810051	7.15029e-05	3.82943e-05	5.71771e-05	3.22286e-06	5.23e-05	1.47057e-05	4.65714e-06	0.49
12	12000	0.428216	0.760834	7.15e-05	3.83e-05	5.7e-05	3.42571e-06	5.21714e-05	1.47829e-05	4.66e-06	0.49
12	12000	0.428322	0.76904	7.15314e-05	3.83e-05	5.71143e-05	3.35714e-06	5.17486e-05	1.51343e-05	4.61429e-06	0.49
