N_THREADS	N_TRANSACTIONS	TIME	N_ABORTS	PROCESS_READ_TIME	PROCESS_WRITE_TIME	PROCESS_VALIDATION_TIME	PROCESS_OTHER_TIME	COMMIT_VALIDATION_TIME	COMMIT_OTHER_TIME	WASTED_TIME
1	1000	0.789549	0	0.000101969	6.76829e-05	0	0.000584217	0	2.69514e-05	1.01429e-06	1.00
1	1000	0.789524	0	0.000101991	6.76857e-05	0	0.00058418	0	2.69343e-05	1.01429e-06	1.01
1	1000	0.789354	0	0.000102029	6.75686e-05	0	0.000584071	0	2.69571e-05	1.00857e-06	1.01
1	1000	0.789489	0	0.00010198	6.764e-05	0	0.000584194	0	2.694e-05	1.02e-06	1.01
1	1000	0.789527	0	0.000101966	6.76914e-05	0	0.000584189	0	2.69486e-05	1.01429e-06	1.01
1	1000	0.789555	0	0.000101989	6.768e-05	0	0.000584223	0	2.69286e-05	1.01143e-06	1.01
1	1000	0.789585	0	0.00010198	6.77057e-05	0	0.000584237	0	2.69257e-05	1.01429e-06	1.01
1	1000	0.789542	0	0.000101971	6.76514e-05	0	0.000584234	0	2.69429e-05	1.01143e-06	1.01
1	1000	0.78958	0	0.000102003	6.77086e-05	0	0.000584197	0	2.69343e-05	1.01429e-06	1.02
1	1000	0.789558	0	0.000101971	6.76743e-05	0	0.000584229	0	2.69486e-05	1.00857e-06	1.01
2	2000	0.820973	0.348779	0.000106974	6.894e-05	1.94629e-05	0.000566691	5.71429e-08	2.72971e-05	2.89143e-06	1.05
2	2000	0.819468	0.199601	0.000106429	6.87829e-05	1.98886e-05	0.000566223	5.71429e-08	2.73029e-05	2.08286e-06	1.04
2	2000	0.819764	0.199601	0.000106491	6.87114e-05	2.02086e-05	0.000565843	7.42857e-08	2.73229e-05	2.04286e-06	1.04
2	2000	0.820547	0.299103	0.000106771	6.878e-05	1.99914e-05	0.000566109	1e-07	2.73143e-05	2.52857e-06	1.04
2	2000	0.820103	0.199601	0.00010668	6.86943e-05	2.03171e-05	0.000565729	6.28571e-08	2.73171e-05	2.12857e-06	1.04
2	2000	0.821451	0.299103	0.000106914	6.87943e-05	1.98314e-05	0.000566266	8e-08	2.73314e-05	2.51143e-06	1.05
2	2000	0.819918	0.199601	0.000106711	6.87457e-05	2.01086e-05	0.00056596	3.71429e-08	2.73257e-05	2.12e-06	1.05
2	2000	0.819833	0.199601	0.000106706	6.87714e-05	1.99343e-05	0.000566157	7.42857e-08	2.73086e-05	2.12857e-06	1.04
2	2000	0.819864	0.199601	0.000106694	6.87514e-05	2.00057e-05	0.00056604	7.71429e-08	2.73314e-05	2.12286e-06	1.04
2	2000	0.820457	0.299103	0.000106463	6.88057e-05	2.00257e-05	0.000566071	7.42857e-08	2.73057e-05	2.45714e-06	1.04
3	3000	0.852455	0.398406	0.000112594	7.10371e-05	3.98257e-05	0.000548997	6.85714e-08	2.77714e-05	3.23429e-06	1.08
3	3000	0.852634	0.299103	0.000112249	7.10171e-05	3.988e-05	0.000548911	7.71429e-08	2.77771e-05	2.81429e-06	1.07
3	3000	0.852731	0.398406	0.000112286	7.09886e-05	3.96571e-05	0.000549114	1.31429e-07	2.77914e-05	3.26e-06	1.08
3	3000	0.853532	0.398406	0.000112431	7.10714e-05	3.97886e-05	0.000549063	1.37143e-07	2.77943e-05	3.30571e-06	1.08
3	3000	0.853275	0.365327	0.000112489	7.10657e-05	3.98771e-05	0.000548989	5.71429e-08	2.77743e-05	3.05143e-06	1.08
3	3000	0.853247	0.398406	0.000112491	7.10257e-05	4.00343e-05	0.000548783	1.05714e-07	2.77771e-05	3.16e-06	1.08
3	3000	0.852324	0.431464	0.000112386	7.10086e-05	3.95629e-05	0.000549211	7.42857e-08	2.77714e-05	3.38571e-06	1.08
3	3000	0.852002	0.365327	0.000112257	7.10457e-05	3.95686e-05	0.000549263	1.11429e-07	2.77771e-05	3.04571e-06	1.08
3	3000	0.852476	0.332226	0.000112366	7.09771e-05	4.00257e-05	0.000548731	9.42857e-08	2.78e-05	3.09143e-06	1.08
3	3000	0.852726	0.398406	0.000112477	7.10114e-05	3.98429e-05	0.000548949	1.4e-07	2.77886e-05	3.25714e-06	1.08
4	4000	0.892586	0.497512	0.000119869	7.482e-05	6.13114e-05	0.000531694	2.42857e-07	2.838e-05	3.76286e-06	1.12
4	4000	0.895977	0.670474	0.000119814	7.48429e-05	6.07257e-05	0.000532246	3.34286e-07	2.83229e-05	5.09714e-06	1.12
4	4000	0.894645	0.719782	0.000120003	7.49571e-05	6.10657e-05	0.000532046	3.2e-07	2.83057e-05	4.73714e-06	1.11
4	4000	0.894207	0.621118	0.000119946	7.49886e-05	6.10029e-05	0.000532094	1.94286e-07	2.83371e-05	4.51714e-06	1.11
4	4000	0.893374	0.546992	0.00012	7.48886e-05	6.13143e-05	0.000531703	1.97143e-07	2.83457e-05	4.19429e-06	1.11
4	4000	0.892683	0.497512	0.00011984	7.49029e-05	6.14657e-05	0.000531606	2.94286e-07	2.83543e-05	3.83429e-06	1.11
4	4000	0.894202	0.571713	0.000119911	7.48143e-05	6.14286e-05	0.000531571	2.42857e-07	2.83686e-05	4.46286e-06	1.12
4	4000	0.892716	0.571713	0.000119986	7.48457e-05	6.12086e-05	0.000531806	3.22857e-07	2.83257e-05	4.72571e-06	1.11
4	4000	0.893552	0.546992	0.000120011	7.49514e-05	6.14114e-05	0.000531669	3.25714e-07	2.83457e-05	4.17714e-06	1.13
4	4000	0.893042	0.596421	0.000119914	7.48771e-05	6.11143e-05	0.000531937	3.94286e-07	2.83429e-05	4.26857e-06	1.11
5	5000	0.945313	0.675407	0.000131143	8.12943e-05	8.50429e-05	0.000514631	8e-07	2.90257e-05	5.60571e-06	1.17
5	5000	0.945383	0.773963	0.000131123	8.13743e-05	8.49371e-05	0.000514771	6.94286e-07	2.90514e-05	6.31429e-06	1.17
5	5000	0.946571	0.734564	0.000131246	8.13029e-05	8.50457e-05	0.000514566	7.08571e-07	2.90429e-05	6.09143e-06	1.17
5	5000	0.94497	0.793651	0.000130911	8.11457e-05	8.53429e-05	0.000514206	7.94286e-07	2.904e-05	6.18e-06	1.16
5	5000	0.945226	0.576655	0.000130843	8.10457e-05	8.52143e-05	0.000514203	7.31429e-07	2.90343e-05	4.95714e-06	1.17
5	5000	0.944937	0.872324	0.000131117	8.12143e-05	8.50171e-05	0.000514543	8.65714e-07	2.90686e-05	6.40571e-06	1.17
5	5000	0.945282	0.734564	0.00013092	8.12086e-05	8.47771e-05	0.000514789	9.37143e-07	2.90143e-05	5.77429e-06	1.17
5	5000	0.946328	0.695134	0.000131117	8.12057e-05	8.52971e-05	0.00051428	9.05714e-07	2.90771e-05	5.40857e-06	1.17
5	5000	0.946751	0.793651	0.000131346	8.14314e-05	8.50057e-05	0.000514717	9.37143e-07	2.90714e-05	6.49714e-06	1.17
5	5000	0.945841	0.734564	0.000130946	8.11514e-05	8.48571e-05	0.000514657	9.14286e-07	2.904e-05	5.19143e-06	1.17
6	6000	1.02206	1.00643	0.000151766	9.34143e-05	0.000112263	0.000499149	1.66e-06	2.96857e-05	7.78e-06	1.26
6	6000	1.02548	1.03909	0.00015148	9.336e-05	0.000111531	0.000499774	1.53429e-06	2.96771e-05	8.59429e-06	1.25
6	6000	1.02224	0.973758	0.000151151	9.338e-05	0.000111466	0.000499886	1.82857e-06	2.96657e-05	7.92e-06	1.25
6	6000	1.02077	0.842836	0.000151791	9.37829e-05	0.000111563	0.000500129	1.71714e-06	2.96229e-05	6.72286e-06	1.25
6	6000	1.02096	0.94106	0.000151306	9.34286e-05	0.000111483	0.000499837	1.83714e-06	2.97314e-05	7.80571e-06	1.25
6	6000	1.02078	0.957412	0.000151406	9.35171e-05	0.000111609	0.000499834	1.65143e-06	2.96257e-05	7.77429e-06	1.25
6	6000	1.02172	0.924703	0.000151774	9.36686e-05	0.000111503	0.000500043	1.70571e-06	2.96543e-05	7.6e-06	1.25
6	6000	1.02196	1.05541	0.000151897	9.38371e-05	0.00011094	0.00050068	1.83429e-06	2.95914e-05	8.09143e-06	1.25
6	6000	1.0207	0.842836	0.000151089	9.32543e-05	0.000112231	0.000499026	2.01143e-06	2.97171e-05	6.68286e-06	1.25
6	6000	1.02172	0.957412	0.00015138	9.36314e-05	0.00011182	0.00049974	1.67714e-06	2.96771e-05	7.12e-06	1.25
7	7000	1.13476	1.25547	0.000183643	0.000112663	0.000149417	0.000480417	2.33143e-06	3.01314e-05	1.13429e-05	1.36
7	7000	1.13574	1.21366	0.000184363	0.000112949	0.000149789	0.000480294	2.21714e-06	3.00543e-05	1.02743e-05	1.37
7	7000	1.13692	1.18577	0.000183906	0.000112746	0.00014966	0.000480211	2.36286e-06	3.022e-05	1.03686e-05	1.36
7	7000	1.13575	1.10201	0.000184337	0.000112886	0.000149223	0.000480726	2.09143e-06	3.00829e-05	9.58857e-06	1.37
7	7000	1.13205	1.03209	0.00018414	0.000112731	0.000149754	0.000480146	1.92e-06	3.00543e-05	8.49429e-06	1.36
7	7000	1.13704	1.26939	0.000184403	0.000112989	0.000149109	0.000480951	1.94571e-06	3.01029e-05	1.11171e-05	1.36
7	7000	1.13258	1.07405	0.000182857	0.000112231	0.000149897	0.000479551	2.4e-06	3.02914e-05	9.02e-06	1.36
7	7000	1.13745	1.28332	0.000184143	0.000112823	0.000149226	0.00048074	2.21429e-06	3.01686e-05	1.08743e-05	1.36
7	7000	1.13547	1.32506	0.000182983	0.00011226	0.0001497	0.0004798	2.32e-06	3.02514e-05	1.12571e-05	1.35
7	7000	1.13373	1.2276	0.000183783	0.000112657	0.000149551	0.00048026	2.40857e-06	3.02086e-05	1.02143e-05	1.35
8	8000	1.27128	1.36851	0.000217806	0.000131886	0.000203609	0.000445123	4.67429e-06	3.14429e-05	1.27086e-05	1.51
8	8000	1.26894	1.48996	0.000217494	0.000131994	0.000203337	0.000445414	4.5e-06	3.15229e-05	1.38886e-05	1.50
8	8000	1.27136	1.39283	0.000217934	0.000132089	0.000202914	0.000445923	4.36571e-06	3.14429e-05	1.336e-05	1.50
8	8000	1.27101	1.51422	0.000217617	0.000132114	0.000203037	0.000445803	4.63429e-06	3.13114e-05	1.37543e-05	1.49
8	8000	1.26958	1.30767	0.000217989	0.000131989	0.000203143	0.000445643	4.50571e-06	3.14029e-05	1.27857e-05	1.49
8	8000	1.27134	1.39283	0.000217826	0.000132109	0.00020346	0.000445431	4.58e-06	3.14657e-05	1.31257e-05	1.49
8	8000	1.26994	1.44142	0.000218323	0.000132434	0.000202434	0.000446717	4.05143e-06	3.13257e-05	1.39629e-05	1.50
8	8000	1.27241	1.56269	0.000217517	0.000131963	0.000202886	0.000445877	4.66e-06	3.14057e-05	1.43286e-05	1.51
8	8000	1.26934	1.27113	0.000218306	0.00013248	0.000202797	0.000446331	4.23429e-06	3.13686e-05	1.17143e-05	1.50
8	8000	1.26924	1.28332	0.000218637	0.000132469	0.000202966	0.000446206	4.21429e-06	3.142e-05	1.18571e-05	1.49
9	9000	1.41586	1.4994	0.000250431	0.000150854	0.000268211	0.000399043	8.6e-06	3.36371e-05	1.56571e-05	1.64
9	9000	1.41776	1.60708	0.000250597	0.00015096	0.000267449	0.00039996	8.37714e-06	3.35571e-05	1.62057e-05	1.64
9	9000	1.41569	1.47783	0.00025054	0.000150811	0.000267606	0.000399726	8.98286e-06	3.36114e-05	1.51971e-05	1.65
9	9000	1.41487	1.58557	0.000249911	0.000150723	0.00026712	0.000399954	8.63143e-06	3.37543e-05	1.63371e-05	1.64
9	9000	1.41754	1.61784	0.0002498	0.000150623	0.000266657	0.000400386	9.05143e-06	3.358e-05	1.72e-05	1.64
9	9000	1.42018	1.80033	0.000250134	0.000150977	0.000266697	0.000400623	9.04857e-06	3.35943e-05	1.82e-05	1.64
9	9000	1.41607	1.48862	0.000250114	0.000150566	0.000267414	0.000399594	9.44e-06	3.36286e-05	1.56371e-05	1.65
9	9000	1.41748	1.63934	0.000250006	0.000150737	0.000267197	0.000399946	8.64857e-06	3.35943e-05	1.67629e-05	1.64
9	9000	1.41727	1.61784	0.000250011	0.000150771	0.000267091	0.000400103	8.49143e-06	3.36771e-05	1.68486e-05	1.65
9	9000	1.4166	1.60708	0.000250123	0.000150894	0.000267689	0.000399611	8.69429e-06	3.362e-05	1.67286e-05	1.64
10	10000	1.58754	1.80676	0.000289306	0.000173703	0.000339771	0.000349314	1.30429e-05	3.58629e-05	2.08943e-05	1.82
10	10000	1.5873	1.61354	0.00029022	0.00017412	0.000339794	0.000349677	1.23971e-05	3.58914e-05	1.83771e-05	1.82
10	10000	1.58625	1.7199	0.000289377	0.000173814	0.000339843	0.000349257	1.32571e-05	3.58143e-05	2.018e-05	1.82
10	10000	1.58694	1.76817	0.000290066	0.000174094	0.00033996	0.000349423	1.26171e-05	3.576e-05	2.02429e-05	1.82
10	10000	1.5896	1.8742	0.000289683	0.000173926	0.00033864	0.000350537	1.27371e-05	3.59114e-05	2.18971e-05	1.82
10	10000	1.58703	1.69092	0.000289703	0.000173971	0.000339443	0.000349831	1.28571e-05	3.58829e-05	1.93971e-05	1.82
10	10000	1.58743	1.69092	0.000291011	0.000174611	0.000339966	0.00034984	1.23229e-05	3.57714e-05	1.916e-05	1.81
10	10000	1.58869	1.75852	0.000289974	0.000173929	0.00034036	0.000348934	1.23714e-05	3.58914e-05	1.944e-05	1.81
10	10000	1.59001	1.95117	0.000289126	0.000173726	0.000339171	0.000349786	1.336e-05	3.57057e-05	2.22114e-05	1.82
10	10000	1.5874	1.8742	0.000289366	0.000173886	0.000339071	0.000350097	1.34171e-05	3.58486e-05	2.13629e-05	1.82
11	11000	1.78325	2.20484	0.000334737	0.000199869	0.000422271	0.000291646	1.76743e-05	3.794e-05	2.68343e-05	2.02
11	11000	1.78253	2.11781	0.000334631	0.000199991	0.000422251	0.00029176	1.80229e-05	3.79943e-05	2.62743e-05	2.01
11	11000	1.78244	1.98699	0.000334626	0.000199951	0.00042284	0.00029114	1.76743e-05	3.77114e-05	2.47743e-05	2.01
11	11000	1.7882	2.13523	0.000334997	0.000200251	0.000421489	0.000292623	1.81171e-05	3.78371e-05	2.63171e-05	2.02
11	11000	1.78275	2.01318	0.000334906	0.000200154	0.000422346	0.000291766	1.82543e-05	3.76971e-05	2.574e-05	2.01
11	11000	1.78145	2.11781	0.000334449	0.000199789	0.000423394	0.000290469	1.81343e-05	3.77886e-05	2.65257e-05	2.01
11	11000	1.78256	2.03936	0.000334889	0.000199934	0.000422786	0.000291186	1.75829e-05	3.77486e-05	2.55857e-05	2.01
11	11000	1.78363	2.07425	0.000335434	0.000200414	0.000422574	0.000291754	1.77371e-05	3.762e-05	2.57229e-05	2.01
11	11000	1.78252	2.10039	0.000334346	0.000199551	0.000423443	0.000290274	1.83e-05	3.80343e-05	2.55171e-05	2.01
11	11000	1.78474	2.14394	0.000334831	0.00020012	0.000422134	0.000291914	1.762e-05	3.76343e-05	2.70257e-05	2.01
12	12000	2.00204	2.46281	0.000379051	0.000224791	0.000521497	0.000220046	2.58971e-05	4.09314e-05	3.55114e-05	2.23
12	12000	2.00093	2.36759	0.00037858	0.000224486	0.000522591	0.000218551	2.776e-05	4.08257e-05	3.31057e-05	2.23
12	12000	1.99943	2.24829	0.000378786	0.000224571	0.000523331	0.000218066	2.59029e-05	4.13971e-05	3.14171e-05	2.23
12	12000	2.00166	2.38347	0.000379271	0.00022514	0.000521786	0.000219994	2.56e-05	4.08257e-05	3.38257e-05	2.23
12	12000	1.99968	2.24829	0.000378809	0.000224329	0.000524323	0.00021682	2.63486e-05	4.10771e-05	3.04714e-05	2.23
12	12000	2.00142	2.47074	0.00037846	0.000224766	0.000521957	0.000219494	2.66086e-05	4.13114e-05	3.39914e-05	2.22
12	12000	2.00148	2.25625	0.000379137	0.000224851	0.000522723	0.0002188	2.654e-05	4.13514e-05	3.10686e-05	2.23
12	12000	2.00096	2.45489	0.000379686	0.000225169	0.000521917	0.000219797	2.61886e-05	4.06829e-05	3.38e-05	2.23
12	12000	2.00346	2.47074	0.000378786	0.000224746	0.000522109	0.000219329	2.64743e-05	4.10229e-05	3.41771e-05	2.23
12	12000	2.00308	2.49452	0.000378911	0.000224789	0.000520277	0.00022118	2.60543e-05	4.106e-05	3.53057e-05	2.23
