N_THREADS	N_TRANSACTIONS	TIME	N_ABORTS	PROCESS_READ_TIME	PROCESS_WRITE_TIME	PROCESS_VALIDATION_TIME	PROCESS_OTHER_TIME	COMMIT_VALIDATION_TIME	COMMIT_OTHER_TIME	WASTED_TIME
1	1000	0.186325	0	1.48314e-05	1.34543e-05	0	2.39371e-05	0	8.94857e-06	1.09429e-06	0.25
1	1000	0.186411	0	1.48343e-05	1.348e-05	0	2.398e-05	0	8.95143e-06	1.10286e-06	0.22
1	1000	0.186408	0	1.48029e-05	1.34943e-05	0	2.39914e-05	0	8.95429e-06	1.09714e-06	0.23
1	1000	0.186401	0	1.47971e-05	1.35029e-05	0	2.398e-05	0	8.96e-06	1.09429e-06	0.23
1	1000	0.186408	0	1.48171e-05	1.34971e-05	0	2.398e-05	0	8.95714e-06	1.09429e-06	0.23
1	1000	0.186301	0	1.48286e-05	1.346e-05	0	2.39286e-05	0	8.95143e-06	1.08571e-06	0.23
1	1000	0.18633	0	1.48286e-05	1.34486e-05	0	2.39543e-05	0	8.95143e-06	1.08286e-06	0.23
1	1000	0.186298	0	1.48429e-05	1.34629e-05	0	2.39314e-05	0	8.94571e-06	1.06857e-06	0.23
1	1000	0.186282	0	1.48371e-05	1.34571e-05	0	2.39057e-05	0	8.96e-06	1.07143e-06	0.23
1	1000	0.18628	0	1.48343e-05	1.34486e-05	0	2.39257e-05	0	8.95714e-06	1.07143e-06	0.23
2	2000	0.186732	0	1.48457e-05	1.34857e-05	1.14286e-08	2.402e-05	5.71429e-09	8.96571e-06	1.10286e-06	0.25
2	2000	0.186707	0	1.486e-05	1.34886e-05	1.14286e-08	2.40086e-05	2.85714e-09	8.98e-06	1.07429e-06	0.23
2	2000	0.186707	0	1.48657e-05	1.34629e-05	1.71429e-08	2.40029e-05	2.85714e-09	8.97429e-06	1.07143e-06	0.23
2	2000	0.186706	0	1.48543e-05	1.34829e-05	1.14286e-08	2.39971e-05	5.71429e-09	8.97429e-06	1.09143e-06	0.22
2	2000	0.18675	0	1.48571e-05	1.34943e-05	1.42857e-08	2.40171e-05	2.85714e-09	8.98e-06	1.08857e-06	0.23
2	2000	0.186741	0	1.48714e-05	1.34886e-05	2e-08	2.39971e-05	2.85714e-09	8.97143e-06	1.09429e-06	0.23
2	2000	0.186656	0	1.48686e-05	1.34629e-05	1.42857e-08	2.398e-05	5.71429e-09	8.97714e-06	1.07143e-06	0.23
2	2000	0.186754	0	1.48514e-05	1.34971e-05	1.42857e-08	2.402e-05	2.85714e-09	8.97714e-06	1.09143e-06	0.23
2	2000	0.186774	0	1.488e-05	1.34829e-05	1.14286e-08	2.40286e-05	2.85714e-09	8.97143e-06	1.09429e-06	0.23
2	2000	0.186737	0	1.48514e-05	1.35e-05	1.42857e-08	2.40029e-05	2.85714e-09	8.97143e-06	1.09143e-06	0.23
3	3000	0.188339	0.0333222	1.50771e-05	1.35343e-05	7.14286e-08	2.45486e-05	1.42857e-08	9.10571e-06	1.07714e-06	0.25
3	3000	0.188383	0	1.50714e-05	1.35543e-05	7.42857e-08	2.45543e-05	1.42857e-08	9.10857e-06	1.07143e-06	0.23
3	3000	0.188356	0	1.506e-05	1.35457e-05	7.42857e-08	2.45514e-05	1.42857e-08	9.10857e-06	1.07143e-06	0.23
3	3000	0.188327	0	1.50686e-05	1.354e-05	6.57143e-08	2.45457e-05	1.14286e-08	9.10571e-06	1.07429e-06	0.23
3	3000	0.188372	0	1.50714e-05	1.35486e-05	6.57143e-08	2.45629e-05	2e-08	9.10571e-06	1.06857e-06	0.23
3	3000	0.188354	0	1.50714e-05	1.35514e-05	7.42857e-08	2.45429e-05	1.42857e-08	9.11429e-06	1.07429e-06	0.23
3	3000	0.188337	0	1.50686e-05	1.35429e-05	6.28571e-08	2.45657e-05	1.42857e-08	9.11143e-06	1.06857e-06	0.23
3	3000	0.188347	0	1.50571e-05	1.356e-05	6.85714e-08	2.45429e-05	1.14286e-08	9.11143e-06	1.06857e-06	0.23
3	3000	0.188367	0	1.506e-05	1.35657e-05	7.42857e-08	2.45514e-05	1.42857e-08	9.11714e-06	1.06571e-06	0.23
3	3000	0.188325	0	1.50543e-05	1.35371e-05	6.57143e-08	2.45686e-05	1.42857e-08	9.10286e-06	1.06571e-06	0.23
4	4000	0.195738	0.447984	1.76029e-05	1.41543e-05	2.98e-06	2.21943e-05	2.57143e-08	9.55714e-06	1.22857e-06	0.26
4	4000	0.195749	0.522258	1.76286e-05	1.41657e-05	2.97714e-06	2.21629e-05	2.85714e-08	9.55714e-06	1.25429e-06	0.24
4	4000	0.195709	0.447984	1.76257e-05	1.41486e-05	2.97429e-06	2.21714e-05	3.14286e-08	9.55714e-06	1.21714e-06	0.24
4	4000	0.195789	0.348779	1.76257e-05	1.41543e-05	2.99714e-06	2.21657e-05	3.42857e-08	9.55429e-06	1.20571e-06	0.24
4	4000	0.195737	0.447984	1.75971e-05	1.41514e-05	2.96e-06	2.22229e-05	4e-08	9.54857e-06	1.24286e-06	0.24
4	4000	0.195777	0.645802	1.76029e-05	1.41571e-05	2.97429e-06	2.21514e-05	3.71429e-08	9.55714e-06	1.31714e-06	0.24
4	4000	0.19581	0.571713	1.75743e-05	1.416e-05	2.95429e-06	2.22657e-05	4e-08	9.55429e-06	1.28571e-06	0.24
4	4000	0.195802	0.571713	1.76e-05	1.41657e-05	2.96857e-06	2.21971e-05	4.28571e-08	9.56e-06	1.27714e-06	0.24
4	4000	0.195756	0.497512	1.76057e-05	1.41486e-05	2.98857e-06	2.21771e-05	3.14286e-08	9.55714e-06	1.26e-06	0.24
4	4000	0.195728	0.546992	1.76114e-05	1.41657e-05	2.96286e-06	2.21743e-05	3.42857e-08	9.54857e-06	1.26286e-06	0.24
5	5000	0.200503	0.891972	1.86314e-05	1.46343e-05	4.35143e-06	2.146e-05	1.17143e-07	9.71429e-06	1.47143e-06	0.27
5	5000	0.200268	0.773963	1.86086e-05	1.46229e-05	4.26571e-06	2.15371e-05	1.34286e-07	9.72571e-06	1.38571e-06	0.25
5	5000	0.200005	0.63593	1.86086e-05	1.46029e-05	4.28e-06	2.14914e-05	1.2e-07	9.68286e-06	1.32286e-06	0.25
5	5000	0.200312	0.872324	1.86143e-05	1.46429e-05	4.28286e-06	2.15457e-05	1.45714e-07	9.73429e-06	1.45143e-06	0.25
5	5000	0.200305	0.754268	1.86314e-05	1.46143e-05	4.30286e-06	2.15057e-05	1.28571e-07	9.71714e-06	1.4e-06	0.25
5	5000	0.200319	0.754268	1.85886e-05	1.46314e-05	4.23429e-06	2.15714e-05	1.6e-07	9.72571e-06	1.38857e-06	0.25
5	5000	0.200257	0.596421	1.862e-05	1.46257e-05	4.3e-06	2.14886e-05	1.4e-07	9.71143e-06	1.31143e-06	0.24
5	5000	0.200238	0.852667	1.85914e-05	1.46229e-05	4.30286e-06	2.15286e-05	1.54286e-07	9.70857e-06	1.42286e-06	0.24
5	5000	0.200397	0.931246	1.86143e-05	1.46286e-05	4.32857e-06	2.14886e-05	1.4e-07	9.71429e-06	1.49429e-06	0.24
5	5000	0.200494	1.0293	1.86e-05	1.462e-05	4.27429e-06	2.15571e-05	1.85714e-07	9.72286e-06	1.52286e-06	0.24
6	6000	0.209513	1.26707	2.04657e-05	1.55343e-05	6.12857e-06	2.222e-05	4.05714e-07	1.04e-05	1.88286e-06	0.27
6	6000	0.209728	1.31579	2.05114e-05	1.55457e-05	6.20571e-06	2.21743e-05	3.37143e-07	1.038e-05	1.91429e-06	0.26
6	6000	0.209384	0.990099	2.04286e-05	1.55143e-05	6.14857e-06	2.22857e-05	3.02857e-07	1.03771e-05	1.72571e-06	0.25
6	6000	0.209605	1.25082	2.04971e-05	1.55229e-05	6.23714e-06	2.21629e-05	2.74286e-07	1.03686e-05	1.84571e-06	0.25
6	6000	0.209714	1.13693	2.05029e-05	1.55371e-05	6.21429e-06	2.214e-05	3.25714e-07	1.03971e-05	1.81143e-06	0.25
6	6000	0.209666	1.23457	2.05057e-05	1.55429e-05	6.16571e-06	2.21857e-05	3.51429e-07	1.03914e-05	1.85714e-06	0.25
6	6000	0.209459	1.28332	2.04486e-05	1.55257e-05	6.09714e-06	2.23429e-05	4.25714e-07	1.04057e-05	1.86857e-06	0.26
6	6000	0.209487	1.15321	2.05086e-05	1.55314e-05	6.2e-06	2.21829e-05	2.91429e-07	1.03714e-05	1.80571e-06	0.26
6	6000	0.209711	1.25082	2.05171e-05	1.55229e-05	6.23143e-06	2.21886e-05	2.91429e-07	1.03743e-05	1.88e-06	0.26
6	6000	0.209526	1.03909	2.05114e-05	1.55343e-05	6.24571e-06	2.20914e-05	2.85714e-07	1.03771e-05	1.77429e-06	0.26
7	7000	0.222873	1.51941	2.42371e-05	1.716e-05	9.07143e-06	2.038e-05	1.42e-06	1.12114e-05	2.24571e-06	0.29
7	7000	0.222974	1.90583	2.42657e-05	1.71943e-05	9.12e-06	2.03714e-05	1.35714e-06	1.12257e-05	2.46286e-06	0.26
7	7000	0.22257	1.51941	2.42943e-05	1.71543e-05	9.23714e-06	2.01971e-05	1.27143e-06	1.11771e-05	2.2e-06	0.27
7	7000	0.222952	1.7406	2.424e-05	1.71686e-05	9.12e-06	2.032e-05	1.39143e-06	1.12114e-05	2.35143e-06	0.26
7	7000	0.222691	1.6992	2.428e-05	1.71429e-05	9.18286e-06	2.02629e-05	1.32286e-06	1.11371e-05	2.34571e-06	0.27
7	7000	0.222902	1.68539	2.426e-05	1.71686e-05	9.16571e-06	2.02771e-05	1.3e-06	1.11914e-05	2.33143e-06	0.27
7	7000	0.222861	1.6992	2.42543e-05	1.71714e-05	9.11143e-06	2.03629e-05	1.39143e-06	1.11829e-05	2.32857e-06	0.27
7	7000	0.222777	1.67158	2.42486e-05	1.71657e-05	9.16286e-06	2.02829e-05	1.31143e-06	1.11886e-05	2.32e-06	0.27
7	7000	0.222858	1.7406	2.42257e-05	1.71857e-05	9.09429e-06	2.03829e-05	1.40286e-06	1.12314e-05	2.38286e-06	0.27
7	7000	0.223291	1.76817	2.42686e-05	1.71857e-05	9.09143e-06	2.03943e-05	1.35714e-06	1.12314e-05	2.43429e-06	0.27
8	8000	0.245966	2.61716	2.93829e-05	2.01629e-05	1.24114e-05	2.12371e-05	3.84857e-06	1.322e-05	3.50286e-06	0.32
8	8000	0.246064	2.29604	2.948e-05	2.01314e-05	1.262e-05	2.09657e-05	3.74e-06	1.31829e-05	3.29429e-06	0.29
8	8000	0.246372	2.34375	2.94229e-05	2.01314e-05	1.25e-05	2.11114e-05	3.79429e-06	1.318e-05	3.40571e-06	0.29
8	8000	0.24609	2.42713	2.946e-05	2.01686e-05	1.25171e-05	2.11171e-05	3.83714e-06	1.31886e-05	3.44857e-06	0.29
8	8000	0.246335	2.55786	2.946e-05	2.018e-05	1.24771e-05	2.11486e-05	3.80857e-06	1.322e-05	3.54286e-06	0.29
8	8000	0.245974	2.3795	2.94686e-05	2.01657e-05	1.25171e-05	2.10857e-05	3.82571e-06	1.32029e-05	3.39714e-06	0.29
8	8000	0.24611	2.43902	2.94971e-05	2.01743e-05	1.26257e-05	2.09343e-05	3.84286e-06	1.31914e-05	3.32e-06	0.29
8	8000	0.2462	2.51036	2.95057e-05	2.01714e-05	1.26286e-05	2.09629e-05	3.79143e-06	1.31829e-05	3.50571e-06	0.29
8	8000	0.246277	2.51036	2.942e-05	2.01686e-05	1.25857e-05	2.09829e-05	3.81429e-06	1.31543e-05	3.46e-06	0.29
8	8000	0.246398	2.35567	2.94657e-05	2.01429e-05	1.26286e-05	2.096e-05	3.78857e-06	1.316e-05	3.35714e-06	0.29
9	9000	0.281488	3.12164	3.71029e-05	2.49e-05	1.72314e-05	2.298e-05	7.88571e-06	1.62686e-05	4.98286e-06	0.36
9	9000	0.281137	3.10078	3.702e-05	2.49057e-05	1.712e-05	2.31029e-05	7.93714e-06	1.62714e-05	4.97714e-06	0.33
9	9000	0.281396	3.2154	3.71514e-05	2.48686e-05	1.73114e-05	2.28971e-05	7.92e-06	1.62971e-05	4.98857e-06	0.34
9	9000	0.281581	3.30898	3.71514e-05	2.49371e-05	1.72743e-05	2.29171e-05	7.95143e-06	1.62886e-05	5.22571e-06	0.32
9	9000	0.28146	3.16333	3.712e-05	2.48686e-05	1.73571e-05	2.278e-05	7.84571e-06	1.62914e-05	5.05429e-06	0.32
9	9000	0.281226	3.03814	3.70343e-05	2.48714e-05	1.724e-05	2.29314e-05	7.81429e-06	1.62629e-05	5.01714e-06	0.32
9	9000	0.280774	2.96496	3.70657e-05	2.48771e-05	1.73629e-05	2.27771e-05	7.78286e-06	1.63e-05	4.71429e-06	0.32
9	9000	0.282173	3.36089	3.71057e-05	2.49343e-05	1.73029e-05	2.28914e-05	7.94857e-06	1.626e-05	5.30286e-06	0.34
9	9000	0.281509	3.07991	3.70886e-05	2.48886e-05	1.73029e-05	2.28714e-05	7.85143e-06	1.63029e-05	4.90571e-06	0.33
9	9000	0.281801	3.4956	3.71943e-05	2.49343e-05	1.73057e-05	2.28714e-05	7.94857e-06	1.62743e-05	5.43429e-06	0.34
10	10000	0.326222	3.72581	4.70886e-05	3.06714e-05	2.42086e-05	2.414e-05	1.31314e-05	2.00057e-05	7.10286e-06	0.39
10	10000	0.327571	4.06754	4.70257e-05	3.07086e-05	2.408e-05	2.43543e-05	1.31286e-05	2.00086e-05	7.65143e-06	0.38
10	10000	0.326626	3.92006	4.71229e-05	3.06457e-05	2.44257e-05	2.38086e-05	1.318e-05	2.00371e-05	7.21714e-06	0.38
10	10000	0.326666	3.99386	4.71514e-05	3.06314e-05	2.45171e-05	2.36543e-05	1.33514e-05	1.99143e-05	7.40286e-06	0.38
10	10000	0.32675	4.16866	4.71457e-05	3.06829e-05	2.43857e-05	2.39429e-05	1.31171e-05	2.00457e-05	7.59143e-06	0.38
10	10000	0.328128	4.08594	4.71543e-05	3.06171e-05	2.452e-05	2.36457e-05	1.33657e-05	1.988e-05	7.46e-06	0.38
10	10000	0.327543	4.31538	4.71914e-05	3.06143e-05	2.45686e-05	2.35371e-05	1.34286e-05	1.98914e-05	7.94e-06	0.38
10	10000	0.327221	4.21456	4.71314e-05	3.06171e-05	2.44114e-05	2.38229e-05	1.30886e-05	2.00457e-05	7.61714e-06	0.38
10	10000	0.327299	4.26041	4.71143e-05	3.07171e-05	2.41543e-05	2.42571e-05	1.31686e-05	1.99971e-05	7.98857e-06	0.38
10	10000	0.327798	4.06754	4.71171e-05	3.06657e-05	2.44171e-05	2.37971e-05	1.32057e-05	1.99629e-05	7.49429e-06	0.38
11	11000	0.378127	5.47392	5.76514e-05	3.43629e-05	3.71571e-05	1.76486e-05	2.21371e-05	2.18914e-05	1.17057e-05	0.45
11	11000	0.377675	5.16424	5.77114e-05	3.42714e-05	3.73457e-05	1.75971e-05	2.17571e-05	2.20543e-05	1.11457e-05	0.43
11	11000	0.378431	5.55508	5.75686e-05	3.438e-05	3.70629e-05	1.77029e-05	2.21457e-05	2.19114e-05	1.17686e-05	0.43
11	11000	0.377285	5.0906	5.76714e-05	3.43057e-05	3.73429e-05	1.742e-05	2.19286e-05	2.19857e-05	1.10686e-05	0.43
11	11000	0.378392	5.44954	5.76114e-05	3.432e-05	3.70886e-05	1.76714e-05	2.21657e-05	2.19543e-05	1.17886e-05	0.43
11	11000	0.377475	5.04963	5.77057e-05	3.42543e-05	3.72857e-05	1.76343e-05	2.17771e-05	2.19971e-05	1.11171e-05	0.43
11	11000	0.377634	5.17241	5.758e-05	3.426e-05	3.71257e-05	1.76457e-05	2.23114e-05	2.17457e-05	1.108e-05	0.43
11	11000	0.378193	5.18059	5.76971e-05	3.42943e-05	3.72914e-05	1.75514e-05	2.19343e-05	2.19886e-05	1.12686e-05	0.43
11	11000	0.377612	5.22144	5.76286e-05	3.42914e-05	3.71829e-05	1.77029e-05	2.20171e-05	2.192e-05	1.13457e-05	0.43
11	11000	0.377262	4.78664	5.76257e-05	3.42686e-05	3.72657e-05	1.75514e-05	2.20571e-05	2.18886e-05	1.06343e-05	0.43
12	12000	0.430346	6.38165	6.69057e-05	3.81286e-05	4.87829e-05	1.25457e-05	3.84771e-05	2.01343e-05	1.60743e-05	0.50
12	12000	0.428522	5.84543	6.68057e-05	3.798e-05	4.88e-05	1.25686e-05	3.79971e-05	2.04714e-05	1.45943e-05	0.48
12	12000	0.429533	6.04447	6.68743e-05	3.81e-05	4.86343e-05	1.27743e-05	3.82086e-05	2.03086e-05	1.54114e-05	0.48
12	12000	0.429273	6.10329	6.688e-05	3.80429e-05	4.87143e-05	1.27114e-05	3.85743e-05	2.00029e-05	1.52029e-05	0.48
12	12000	0.430354	6.38165	6.68857e-05	3.81057e-05	4.86457e-05	1.27114e-05	3.85171e-05	2.01057e-05	1.59371e-05	0.48
12	12000	0.430481	6.46921	6.68286e-05	3.80429e-05	4.87057e-05	1.26114e-05	3.78886e-05	2.04429e-05	1.63914e-05	0.48
12	12000	0.430873	6.41086	6.702e-05	3.814e-05	4.88286e-05	1.25057e-05	3.81857e-05	2.03057e-05	1.62771e-05	0.48
12	12000	0.430347	6.44734	6.68971e-05	3.80943e-05	4.86371e-05	1.28229e-05	3.78229e-05	2.05514e-05	1.61371e-05	0.48
12	12000	0.429846	6.1767	6.68629e-05	3.80743e-05	4.87943e-05	1.26086e-05	3.78343e-05	2.05514e-05	1.56314e-05	0.48
12	12000	0.430443	6.4765	6.686e-05	3.81114e-05	4.86743e-05	1.27057e-05	3.83086e-05	2.02429e-05	1.62743e-05	0.48
