N_THREADS	N_TRANSACTIONS	TIME	N_ABORTS	PROCESS_READ_TIME	PROCESS_WRITE_TIME	PROCESS_VALIDATION_TIME	PROCESS_OTHER_TIME	COMMIT_VALIDATION_TIME	COMMIT_OTHER_TIME	WASTED_TIME
1	1000	0.661908	0	3.89743e-05	1.51086e-05	0	0.00059174	0	1.33714e-05	3.77143e-07	0.74
1	1000	0.661994	0	3.89857e-05	1.51171e-05	0	0.0005918	0	1.338e-05	3.77143e-07	0.71
1	1000	0.662008	0	3.90029e-05	1.51171e-05	0	0.000591803	0	1.33743e-05	3.74286e-07	0.71
1	1000	0.662009	0	3.89829e-05	1.51229e-05	0	0.000591809	0	1.33829e-05	3.77143e-07	0.71
1	1000	0.662005	0	3.898e-05	1.51171e-05	0	0.00059182	0	1.33743e-05	3.77143e-07	0.71
1	1000	0.662009	0	3.89943e-05	1.51143e-05	0	0.000591811	0	1.33771e-05	3.77143e-07	0.71
1	1000	0.662011	0	3.89914e-05	1.51114e-05	0	0.000591817	0	1.33771e-05	3.77143e-07	0.72
1	1000	0.661993	0	3.898e-05	1.51114e-05	0	0.000591811	0	1.33771e-05	3.77143e-07	0.71
1	1000	0.661985	0	3.898e-05	1.51086e-05	0	0.000591811	0	1.33714e-05	3.77143e-07	0.71
1	1000	0.661997	0	3.89829e-05	1.51114e-05	0	0.000591811	0	1.338e-05	3.77143e-07	0.71
2	2000	0.688207	2.48659	4.01457e-05	1.51143e-05	8.49143e-06	0.000583426	1e-07	1.338e-05	1.33e-05	0.77
2	2000	0.684937	1.7199	4.02714e-05	1.51114e-05	8.68571e-06	0.00058324	3.42857e-08	1.338e-05	8.45429e-06	0.74
2	2000	0.684616	2.24829	4.01629e-05	1.51143e-05	8.81143e-06	0.000583109	2.28571e-08	1.33829e-05	1.13086e-05	0.74
2	2000	0.688324	2.48659	4.01314e-05	1.51114e-05	8.58571e-06	0.000583346	7.42857e-08	1.33857e-05	1.33629e-05	0.75
2	2000	0.68902	2.20049	4.01886e-05	1.51171e-05	8.59429e-06	0.000583314	5.71429e-08	1.33771e-05	1.17257e-05	0.74
2	2000	0.688776	2.58159	4.01829e-05	1.51086e-05	8.64286e-06	0.000583306	8.85714e-08	1.338e-05	1.38657e-05	0.74
2	2000	0.685965	2.48659	4.01743e-05	1.51114e-05	8.65714e-06	0.00058326	7.71429e-08	1.338e-05	1.34171e-05	0.74
2	2000	0.687488	1.96078	4.02171e-05	1.51114e-05	8.63143e-06	0.000583286	5.42857e-08	1.33771e-05	9.93143e-06	0.75
2	2000	0.685148	2.05681	4.01771e-05	1.51171e-05	8.64857e-06	0.000583269	5.42857e-08	1.33829e-05	1.07457e-05	0.74
2	2000	0.691631	2.10475	4.02543e-05	1.51114e-05	8.59143e-06	0.000583306	4.57143e-08	1.338e-05	1.10086e-05	0.75
3	3000	0.706038	4.36723	4.10857e-05	1.51114e-05	1.70686e-05	0.000574949	2.2e-07	1.34057e-05	2.336e-05	0.78
3	3000	0.706999	4.33673	4.12257e-05	1.51114e-05	1.71657e-05	0.000574803	2.08571e-07	1.33857e-05	2.43943e-05	0.77
3	3000	0.704384	3.81533	4.11886e-05	1.51114e-05	1.714e-05	0.000574823	1.25714e-07	1.33943e-05	2.00829e-05	0.76
3	3000	0.711561	4.4586	4.11257e-05	1.51114e-05	1.70771e-05	0.000574877	2.31429e-07	1.33886e-05	2.53343e-05	0.76
3	3000	0.70428	4.0614	4.11571e-05	1.51143e-05	1.72086e-05	0.000574757	1.82857e-07	1.33829e-05	2.17771e-05	0.76
3	3000	0.709375	4.4586	4.11257e-05	1.51114e-05	1.70171e-05	0.000574954	1.85714e-07	1.33943e-05	2.48e-05	0.77
3	3000	0.708944	4.15335	4.116e-05	1.51143e-05	1.68514e-05	0.000575163	1.65714e-07	1.34057e-05	2.258e-05	0.76
3	3000	0.708083	4.18397	4.11486e-05	1.51114e-05	1.70486e-05	0.000574937	1.45714e-07	1.34057e-05	2.234e-05	0.77
3	3000	0.715388	4.33673	4.11171e-05	1.51114e-05	1.69143e-05	0.000575074	1.57143e-07	1.33857e-05	2.40714e-05	0.77
3	3000	0.715545	4.39771	4.11486e-05	1.51114e-05	1.70057e-05	0.000574923	2.31429e-07	1.33914e-05	2.42457e-05	0.78
4	4000	0.730317	5.81587	4.20314e-05	1.51086e-05	2.52457e-05	0.000566854	2.88571e-07	1.34029e-05	3.18914e-05	0.81
4	4000	0.730042	6.38895	4.19229e-05	1.51114e-05	2.482e-05	0.000567334	3.31429e-07	1.33943e-05	3.62743e-05	0.78
4	4000	0.732754	6.54206	4.19086e-05	1.51086e-05	2.50857e-05	0.00056696	3.91429e-07	1.33914e-05	3.73143e-05	0.79
4	4000	0.730684	6.36704	4.19743e-05	1.51114e-05	2.52e-05	0.000566883	2.51429e-07	1.33943e-05	3.602e-05	0.78
4	4000	0.733211	6.25732	4.20286e-05	1.51114e-05	2.50714e-05	0.000567046	3.94286e-07	1.33829e-05	3.48086e-05	0.79
4	4000	0.731644	6.43275	4.194e-05	1.51114e-05	2.49943e-05	0.000567054	5.08571e-07	1.33914e-05	3.59286e-05	0.78
4	4000	0.732508	6.32319	4.20029e-05	1.51114e-05	2.50143e-05	0.000567011	3.62857e-07	1.33914e-05	3.63e-05	0.79
4	4000	0.731372	6.36704	4.19571e-05	1.51114e-05	2.51229e-05	0.000566929	3.51429e-07	1.33886e-05	3.652e-05	0.78
4	4000	0.730607	6.19137	4.21086e-05	1.51086e-05	2.52857e-05	0.000566769	4.05714e-07	1.33943e-05	3.34686e-05	0.79
4	4000	0.727027	5.79369	4.19886e-05	1.51143e-05	2.534e-05	0.000566746	3.37143e-07	1.33971e-05	3.09514e-05	0.78
5	5000	0.756747	8.13889	4.26257e-05	1.51143e-05	3.26114e-05	0.000559543	7.4e-07	1.33971e-05	4.806e-05	0.82
5	5000	0.752791	8.15577	4.28314e-05	1.51143e-05	3.306e-05	0.000559094	6.17143e-07	1.34e-05	4.66029e-05	0.81
5	5000	0.749818	7.64684	4.27486e-05	1.51143e-05	3.29829e-05	0.0005592	6.31429e-07	1.342e-05	4.42486e-05	0.81
5	5000	0.755544	8.29054	4.274e-05	1.51143e-05	3.252e-05	0.000559717	6.77143e-07	1.34114e-05	4.778e-05	0.81
5	5000	0.750019	8.25688	4.29114e-05	1.51143e-05	3.28057e-05	0.000559351	6.22857e-07	1.34171e-05	4.71343e-05	0.80
5	5000	0.746335	7.56147	4.28314e-05	1.51143e-05	3.30371e-05	0.000559137	5.42857e-07	1.34143e-05	4.26143e-05	0.80
5	5000	0.752322	7.98675	4.27943e-05	1.51143e-05	3.28257e-05	0.000559397	8e-07	1.34143e-05	4.578e-05	0.81
5	5000	0.749751	7.98675	4.27086e-05	1.51143e-05	3.26829e-05	0.000559506	7.68571e-07	1.34171e-05	4.57086e-05	0.81
5	5000	0.756529	8.59232	4.27429e-05	1.51143e-05	3.24971e-05	0.000559671	6.91429e-07	1.34171e-05	5.07057e-05	0.81
5	5000	0.748785	7.69799	4.28143e-05	1.51143e-05	3.29429e-05	0.000559231	6.65714e-07	1.34229e-05	4.39143e-05	0.81
6	6000	0.773939	9.67936	4.35486e-05	1.51171e-05	3.99257e-05	0.000552366	1.05714e-06	1.338e-05	5.68143e-05	0.85
6	6000	0.775146	9.72013	4.34629e-05	1.51143e-05	3.96914e-05	0.000552571	1.00857e-06	1.33971e-05	5.65743e-05	0.83
6	6000	0.771452	9.88285	4.36e-05	1.512e-05	4.03343e-05	0.000551957	8.05714e-07	1.33943e-05	5.86543e-05	0.83
6	6000	0.777706	9.82867	4.35314e-05	1.512e-05	3.986e-05	0.0005524	1.14e-06	1.33857e-05	5.85857e-05	0.84
6	6000	0.769604	9.11845	4.35143e-05	1.51171e-05	4.02486e-05	0.000552031	9.4e-07	1.33914e-05	5.42514e-05	0.83
6	6000	0.768763	9.46129	4.36e-05	1.512e-05	4.03029e-05	0.000551963	1.10571e-06	1.33943e-05	5.45943e-05	0.83
6	6000	0.773065	10.4076	4.34286e-05	1.512e-05	3.98286e-05	0.000552446	1.06e-06	1.34029e-05	6.06857e-05	0.83
6	6000	0.771709	9.92343	4.35771e-05	1.512e-05	4.00143e-05	0.000552266	1.06e-06	1.33829e-05	5.79143e-05	0.83
6	6000	0.769532	9.50226	4.35686e-05	1.512e-05	4.02743e-05	0.000552037	1.01714e-06	1.33943e-05	5.58171e-05	0.83
6	6000	0.770218	9.96399	4.36171e-05	1.512e-05	4.04514e-05	0.000551811	1.07714e-06	1.34e-05	5.73086e-05	0.83
7	7000	0.794672	11.0546	4.426e-05	1.512e-05	4.72829e-05	0.000545103	1.4e-06	1.33486e-05	6.66429e-05	0.88
7	7000	0.798376	11.5603	4.42429e-05	1.512e-05	4.70086e-05	0.000545429	1.52286e-06	1.33343e-05	6.95914e-05	0.86
7	7000	0.795533	11.7721	4.42143e-05	1.512e-05	4.71886e-05	0.000545223	1.61143e-06	1.33743e-05	7.056e-05	0.86
7	7000	0.794883	12.005	4.42371e-05	1.512e-05	4.73429e-05	0.000545086	1.49429e-06	1.33686e-05	7.19943e-05	0.85
7	7000	0.794431	11.6942	4.43114e-05	1.512e-05	4.73971e-05	0.000545034	1.49714e-06	1.33686e-05	7.05514e-05	0.86
7	7000	0.796343	11.2576	4.43229e-05	1.512e-05	4.74057e-05	0.000545017	1.40857e-06	1.33657e-05	6.73886e-05	0.85
7	7000	0.789149	11.2013	4.41943e-05	1.512e-05	4.70857e-05	0.000545337	1.45429e-06	1.33971e-05	6.74e-05	0.84
7	7000	0.797217	11.0546	4.42229e-05	1.51229e-05	4.71857e-05	0.000545234	1.32571e-06	1.338e-05	6.66e-05	0.86
7	7000	0.796497	11.8388	4.42571e-05	1.512e-05	4.69314e-05	0.000545509	1.46857e-06	1.33743e-05	7.23686e-05	0.86
7	7000	0.800295	11.7276	4.42057e-05	1.512e-05	4.69029e-05	0.000545509	1.62571e-06	1.33657e-05	7.20257e-05	0.85
8	8000	0.817767	13.448	4.48457e-05	1.51286e-05	5.38314e-05	0.000538737	2.10857e-06	1.32971e-05	8.39257e-05	0.89
8	8000	0.812324	13.3073	4.502e-05	1.51286e-05	5.43029e-05	0.000538277	2.09429e-06	1.33229e-05	8.10114e-05	0.88
8	8000	0.817979	13.3167	4.48486e-05	1.51314e-05	5.37914e-05	0.000538771	2.11714e-06	1.33029e-05	8.29514e-05	0.87
8	8000	0.819812	13.6535	4.48686e-05	1.51286e-05	5.33514e-05	0.000539223	2.28286e-06	1.33057e-05	8.52e-05	0.88
8	8000	0.819126	12.9489	4.494e-05	1.51314e-05	5.40943e-05	0.000538494	1.98286e-06	1.32886e-05	7.89943e-05	0.88
8	8000	0.812511	12.8445	4.49629e-05	1.51286e-05	5.44343e-05	0.000538171	2.10286e-06	1.32971e-05	7.85486e-05	0.88
8	8000	0.815214	13.1096	4.48829e-05	1.51314e-05	5.41543e-05	0.000538417	1.95429e-06	1.33257e-05	8.07371e-05	0.87
8	8000	0.816428	13.1756	4.492e-05	1.51286e-05	5.40286e-05	0.000538557	2.06857e-06	1.32743e-05	8.14829e-05	0.87
8	8000	0.816386	13.2415	4.48886e-05	1.51286e-05	5.39371e-05	0.00053866	2.02857e-06	1.33286e-05	8.152e-05	0.87
8	8000	0.816252	13.3355	4.49143e-05	1.51314e-05	5.36571e-05	0.00053892	1.87429e-06	1.33343e-05	8.278e-05	0.87
9	9000	0.83683	15.0463	4.56286e-05	1.51257e-05	6.08086e-05	0.000531986	2.53143e-06	1.33314e-05	9.494e-05	0.93
9	9000	0.840768	14.4568	4.57229e-05	1.51257e-05	6.14057e-05	0.000531443	2.36857e-06	1.33343e-05	9.02314e-05	0.89
9	9000	0.836512	14.8292	4.55771e-05	1.512e-05	6.09429e-05	0.000531874	2.58571e-06	1.32971e-05	9.28714e-05	0.90
9	9000	0.835516	14.6677	4.56143e-05	1.512e-05	6.09543e-05	0.000531883	2.69143e-06	1.328e-05	9.32714e-05	0.89
9	9000	0.846607	15.2782	4.55914e-05	1.51229e-05	6.06657e-05	0.000532126	2.67429e-06	1.33e-05	9.59886e-05	0.90
9	9000	0.835574	14.6515	4.56714e-05	1.512e-05	6.13143e-05	0.000531491	2.55143e-06	1.32886e-05	9.30086e-05	0.89
9	9000	0.831542	14.7727	4.56571e-05	1.512e-05	6.16457e-05	0.000531154	2.53429e-06	1.33171e-05	9.246e-05	0.89
9	9000	0.839361	15.2383	4.55286e-05	1.512e-05	6.06029e-05	0.00053222	2.77143e-06	1.32771e-05	9.72571e-05	0.90
9	9000	0.834223	14.9981	4.55971e-05	1.512e-05	6.09629e-05	0.000531843	2.51143e-06	1.33314e-05	9.37571e-05	0.90
9	9000	0.832059	14.9017	4.56286e-05	1.51229e-05	6.08371e-05	0.000531994	2.83429e-06	1.32971e-05	9.42114e-05	0.89
10	10000	0.863307	16.4508	4.63914e-05	1.51429e-05	6.82686e-05	0.000524877	3.19714e-06	1.32943e-05	0.000106117	0.95
10	10000	0.860075	16.4787	4.63514e-05	1.51429e-05	6.80629e-05	0.0005251	3.21143e-06	1.328e-05	0.000105371	0.92
10	10000	0.857553	16.5484	4.628e-05	1.51429e-05	6.78829e-05	0.000525303	3.21429e-06	1.32857e-05	0.00010686	0.92
10	10000	0.8677	16.5275	4.63657e-05	1.51429e-05	6.81257e-05	0.000525026	3.14286e-06	1.32857e-05	0.000106409	0.92
10	10000	0.866114	16.5832	4.636e-05	1.51429e-05	6.796e-05	0.000525243	3.24857e-06	1.33114e-05	0.000107737	0.92
10	10000	0.86287	16.5554	4.62886e-05	1.51429e-05	6.78943e-05	0.00052528	3.34e-06	1.32629e-05	0.000108729	0.92
10	10000	0.857434	15.8957	4.63257e-05	1.51429e-05	6.78886e-05	0.00052526	3.15143e-06	1.33143e-05	0.000103231	0.92
10	10000	0.859289	16.7291	4.63714e-05	1.51429e-05	6.83286e-05	0.000524823	3.29714e-06	1.32429e-05	0.000108754	0.91
10	10000	0.862985	17.1362	4.63286e-05	1.51429e-05	6.75743e-05	0.000525594	3.22286e-06	1.32857e-05	0.000111194	0.93
10	10000	0.87299	16.5693	4.62714e-05	1.51429e-05	6.76486e-05	0.000525509	3.36857e-06	1.33e-05	0.000108131	0.93
11	11000	0.880291	17.9961	4.71771e-05	1.51486e-05	7.59029e-05	0.000517843	3.90571e-06	1.31257e-05	0.000118623	0.96
11	11000	0.889071	18.1121	4.714e-05	1.51486e-05	7.572e-05	0.000518029	4.11714e-06	1.31229e-05	0.000118963	0.95
11	11000	0.878219	17.8737	4.71314e-05	1.51486e-05	7.57914e-05	0.000517911	4.06286e-06	1.31086e-05	0.000116831	0.94
11	11000	0.887957	17.8	4.70686e-05	1.51514e-05	7.52457e-05	0.000518566	3.80857e-06	1.32029e-05	0.000118326	0.94
11	11000	0.886898	18.5728	4.704e-05	1.51486e-05	7.49771e-05	0.000518743	4.22286e-06	1.31029e-05	0.000123597	0.94
11	11000	0.881267	18.045	4.71257e-05	1.51486e-05	7.56629e-05	0.000518046	3.97143e-06	1.31657e-05	0.00011846	0.94
11	11000	0.879593	17.9227	4.72e-05	1.51486e-05	7.59771e-05	0.000517783	3.96857e-06	1.31286e-05	0.000118554	0.94
11	11000	0.879651	17.8307	4.72457e-05	1.51514e-05	7.58457e-05	0.000517997	3.99143e-06	1.31114e-05	0.000117757	0.93
11	11000	0.882667	17.7939	4.71743e-05	1.51514e-05	7.57686e-05	0.000517983	3.75143e-06	1.32171e-05	0.000118486	0.95
11	11000	0.887027	17.8246	4.71143e-05	1.51486e-05	7.51114e-05	0.000518586	3.75143e-06	1.32057e-05	0.000118363	0.95
12	12000	0.953983	19.2028	5.02943e-05	1.61629e-05	8.53486e-05	0.000547263	4.92286e-06	1.35e-05	0.000138003	1.04
12	12000	0.962557	19.5009	5.024e-05	1.61571e-05	8.48943e-05	0.000547629	4.92857e-06	1.35e-05	0.000141806	1.05
12	12000	0.962552	19.8664	5.02486e-05	1.61657e-05	8.49629e-05	0.000547777	5.00571e-06	1.34657e-05	0.000143951	1.05
12	12000	0.959144	19.7539	5.03257e-05	1.61686e-05	8.51657e-05	0.000547617	4.98286e-06	1.352e-05	0.000142314	1.03
12	12000	0.958577	19.6303	5.02486e-05	1.61629e-05	8.47886e-05	0.000547974	5.28571e-06	1.34229e-05	0.000142497	1.04
12	12000	0.955313	19.4306	5.038e-05	1.61714e-05	8.56371e-05	0.000547294	4.76286e-06	1.36171e-05	0.000139191	1.04
12	12000	0.965624	19.7539	5.03114e-05	1.61657e-05	8.53771e-05	0.000547469	4.99429e-06	1.34571e-05	0.0001426	1.04
12	12000	0.957068	19.571	5.02314e-05	1.61629e-05	8.52e-05	0.000547377	5.27143e-06	1.34029e-05	0.000140383	1.03
12	12000	0.959041	19.6464	5.03629e-05	1.61686e-05	8.56057e-05	0.000547309	4.85429e-06	1.35714e-05	0.00014228	1.04
12	12000	0.953975	19.3711	5.03e-05	1.61657e-05	8.55429e-05	0.000547237	5.06e-06	1.34543e-05	0.000138651	1.04
