N_THREADS	N_TRANSACTIONS	TIME	N_ABORTS	PROCESS_READ_TIME	PROCESS_WRITE_TIME	PROCESS_VALIDATION_TIME	PROCESS_OTHER_TIME	COMMIT_VALIDATION_TIME	COMMIT_OTHER_TIME	WASTED_TIME
1	1000	0.789496	0	0.000102037	6.76457e-05	0	0.000584154	0	2.69286e-05	1.01143e-06	1.02
1	1000	0.789465	0	0.00010198	6.76257e-05	0	0.000584186	0	2.69371e-05	1.00857e-06	1.01
1	1000	0.789537	0	0.000101989	6.76971e-05	0	0.000584197	0	2.69171e-05	1.01143e-06	1.01
1	1000	0.789592	0	0.000102023	6.77e-05	0	0.000584214	0	2.69171e-05	1.00857e-06	1.01
1	1000	0.789636	0	0.000102031	6.77086e-05	0	0.000584237	0	2.69257e-05	1.00857e-06	1.01
1	1000	0.789486	0	0.000101989	6.76686e-05	0	0.000584166	0	2.69343e-05	1.01143e-06	1.01
1	1000	0.789501	0	0.000101997	6.76571e-05	0	0.000584177	0	2.69343e-05	1.00857e-06	1.01
1	1000	0.789533	0	0.000101983	6.76829e-05	0	0.000584203	0	2.69229e-05	1.00857e-06	1.01
1	1000	0.789465	0	0.000101977	6.766e-05	0	0.00058416	0	2.694e-05	1.00857e-06	1.01
1	1000	0.789474	0	0.00010198	6.76571e-05	0	0.000584157	0	2.69457e-05	1.01143e-06	1.01
2	2000	0.820062	0.199601	0.000106743	6.88143e-05	1.99771e-05	0.000566186	7.42857e-08	2.732e-05	2.12286e-06	1.05
2	2000	0.819374	0.199601	0.000106331	6.86486e-05	2.01286e-05	0.000565874	4e-08	2.732e-05	2.05429e-06	1.04
2	2000	0.820454	0.299103	0.000106854	6.88257e-05	1.98e-05	0.000566283	1e-07	2.73086e-05	2.53714e-06	1.04
2	2000	0.82106	0.348779	0.000106923	6.88543e-05	1.96829e-05	0.000566446	1.14286e-07	2.72971e-05	2.74571e-06	1.04
2	2000	0.819812	0.199601	0.000106743	6.86857e-05	1.99743e-05	0.000566069	7.71429e-08	2.73229e-05	2.12857e-06	1.04
2	2000	0.820881	0.249377	0.000106803	6.88057e-05	1.98514e-05	0.000566243	7.71429e-08	2.72971e-05	2.37429e-06	1.05
2	2000	0.820218	0.299103	0.000106846	6.86771e-05	1.97714e-05	0.000566257	9.42857e-08	2.73343e-05	2.53143e-06	1.04
2	2000	0.821081	0.398406	0.000106989	6.88343e-05	1.95371e-05	0.000566543	1.14286e-07	2.73114e-05	2.90286e-06	1.04
2	2000	0.820585	0.299103	0.000106789	6.87343e-05	2.00886e-05	0.000565946	1e-07	2.73429e-05	2.53714e-06	1.04
2	2000	0.819602	0.199601	0.000106434	6.87486e-05	2.00714e-05	0.000565997	4e-08	2.73343e-05	2.05429e-06	1.04
3	3000	0.853015	0.332226	0.000112283	7.09943e-05	4.00371e-05	0.000548774	6.85714e-08	2.77657e-05	2.89429e-06	1.08
3	3000	0.853575	0.497512	0.000112534	7.10486e-05	3.94571e-05	0.000549389	1.48571e-07	2.78029e-05	3.74857e-06	1.08
3	3000	0.852614	0.431464	0.000112306	7.10057e-05	3.96057e-05	0.000549146	1.08571e-07	2.77771e-05	3.43143e-06	1.07
3	3000	0.852638	0.299103	0.000111983	7.09743e-05	3.97371e-05	0.000548994	4e-08	2.77686e-05	2.94286e-06	1.07
3	3000	0.853056	0.365327	0.000112426	7.11229e-05	3.96743e-05	0.000549209	1e-07	2.78e-05	2.91143e-06	1.07
3	3000	0.854487	0.464499	0.000112431	7.10343e-05	3.96143e-05	0.000549214	9.14286e-08	2.77943e-05	3.69143e-06	1.07
3	3000	0.852346	0.365327	0.00011228	7.09829e-05	3.96571e-05	0.000549117	8.28571e-08	2.77914e-05	3.09143e-06	1.07
3	3000	0.853054	0.497512	0.000112346	7.10657e-05	3.96886e-05	0.000549206	1.65714e-07	2.77886e-05	3.71143e-06	1.07
3	3000	0.852023	0.464499	0.000112163	7.10371e-05	3.95943e-05	0.000549206	1.2e-07	2.77914e-05	3.44286e-06	1.08
3	3000	0.851949	0.398406	0.0001122	7.10829e-05	3.954e-05	0.000549246	8.57143e-08	2.77771e-05	3.04286e-06	1.08
4	4000	0.893346	0.546992	0.000119814	7.48686e-05	6.148e-05	0.000531554	2.82857e-07	2.83429e-05	4.32286e-06	1.12
4	4000	0.893968	0.645802	0.000119986	7.48743e-05	6.12286e-05	0.000531786	2.77143e-07	2.836e-05	5.07143e-06	1.11
4	4000	0.892548	0.571713	0.000119846	7.48686e-05	6.11971e-05	0.000531846	3.68571e-07	2.83429e-05	4.53714e-06	1.12
4	4000	0.892362	0.497512	0.00011978	7.48514e-05	6.12829e-05	0.000531737	2.34286e-07	2.83371e-05	4.06571e-06	1.12
4	4000	0.89281	0.621118	0.00011992	7.48971e-05	6.09771e-05	0.000532134	2.74286e-07	2.83114e-05	4.46286e-06	1.11
4	4000	0.894578	0.695134	0.000119971	7.488e-05	6.09457e-05	0.000532091	3.11429e-07	2.83057e-05	4.96857e-06	1.12
4	4000	0.892555	0.719782	0.00011972	7.49e-05	6.04886e-05	0.00053256	3.8e-07	2.82971e-05	5.07143e-06	1.11
4	4000	0.893058	0.447984	0.000119854	7.48543e-05	6.14714e-05	0.000531574	2.62857e-07	2.83143e-05	4.03143e-06	1.12
4	4000	0.892305	0.497512	0.000119909	7.49257e-05	6.15514e-05	0.00053152	2.77143e-07	2.83543e-05	4.19429e-06	1.11
4	4000	0.891622	0.522258	0.000119789	7.48314e-05	6.08971e-05	0.000532089	2.34286e-07	2.834e-05	3.97429e-06	1.12
5	5000	0.947147	0.655673	0.000131031	8.11657e-05	8.526e-05	0.000514263	9.2e-07	2.90429e-05	5.13714e-06	1.18
5	5000	0.945839	0.734564	0.000131149	8.12343e-05	8.48057e-05	0.000514809	8.37143e-07	2.902e-05	5.80286e-06	1.18
5	5000	0.945011	0.675407	0.000131129	8.12229e-05	8.52971e-05	0.00051428	7.71429e-07	2.90514e-05	5.41429e-06	1.17
5	5000	0.946397	0.754268	0.000131417	8.142e-05	8.52771e-05	0.000514414	6.17143e-07	2.90457e-05	5.81143e-06	1.17
5	5000	0.945065	0.872324	0.000131034	8.12771e-05	8.44629e-05	0.000515186	8.54286e-07	2.89886e-05	6.36857e-06	1.17
5	5000	0.945914	0.813331	0.000131123	8.13571e-05	8.49543e-05	0.00051474	7.48571e-07	2.89971e-05	6.28e-06	1.17
5	5000	0.944102	0.655673	0.000131151	8.12743e-05	8.46429e-05	0.000514997	9.11429e-07	2.90057e-05	5.25429e-06	1.16
5	5000	0.947374	0.911613	0.000131211	8.12429e-05	8.48571e-05	0.000514763	7.94286e-07	2.90543e-05	6.94857e-06	1.17
5	5000	0.946788	1.0097	0.000131143	8.14771e-05	8.44314e-05	0.000515317	9.45714e-07	2.902e-05	7.28e-06	1.17
5	5000	0.944819	0.734564	0.000130986	8.12314e-05	8.518e-05	0.00051448	8.14286e-07	2.90457e-05	5.67429e-06	1.16
6	6000	1.02235	1.13693	0.00015112	9.32486e-05	0.000112211	0.000499034	1.48286e-06	2.96743e-05	8.69714e-06	1.25
6	6000	1.0201	0.990099	0.000151437	9.35143e-05	0.000111829	0.00049964	1.45143e-06	2.96429e-05	7.57143e-06	1.25
6	6000	1.02248	0.957412	0.000151374	9.34686e-05	0.000112054	0.000499309	1.63143e-06	2.96857e-05	7.68857e-06	1.24
6	6000	1.0215	0.744417	0.000151454	9.34886e-05	0.000112783	0.000498686	1.50571e-06	2.96657e-05	6.32571e-06	1.25
6	6000	1.02405	0.924703	0.000151529	9.35343e-05	0.000111783	0.000499731	1.54571e-06	2.96543e-05	7.42286e-06	1.24
6	6000	1.02119	0.793651	0.000151429	9.35057e-05	0.000112046	0.000499411	1.72857e-06	2.96743e-05	6.75714e-06	1.25
6	6000	1.02151	0.891972	0.000151103	9.33371e-05	0.000111706	0.000499586	1.75429e-06	2.96943e-05	7.37429e-06	1.25
6	6000	1.02342	0.990099	0.000151557	9.36343e-05	0.000111543	0.000500009	1.72e-06	2.96514e-05	7.98571e-06	1.25
6	6000	1.02062	0.957412	0.000151529	9.35971e-05	0.000111934	0.000499566	1.71429e-06	2.96657e-05	7.87714e-06	1.25
6	6000	1.02347	1.00643	0.000151109	9.328e-05	0.000111926	0.00049938	1.72857e-06	2.96514e-05	8.21143e-06	1.25
7	7000	1.13302	1.04608	0.00018402	0.000112763	0.000149903	0.000480026	2.15429e-06	3.014e-05	8.34571e-06	1.36
7	7000	1.13289	1.04608	0.0001845	0.00011292	0.000149211	0.000480797	1.81429e-06	3.00657e-05	8.87714e-06	1.36
7	7000	1.13455	1.40845	0.000183166	0.000112366	0.000149731	0.000479806	2.69714e-06	3.02114e-05	1.14857e-05	1.37
7	7000	1.13331	1.17182	0.000182914	0.000112109	0.000150243	0.000479154	2.68e-06	3.02057e-05	9.61429e-06	1.36
7	7000	1.13887	1.18577	0.000183283	0.000112249	0.000149994	0.000479526	2.68286e-06	3.02171e-05	1.03743e-05	1.36
7	7000	1.13367	1.15787	0.000183997	0.000112674	0.00014944	0.000480446	2.12e-06	3.01343e-05	9.74286e-06	1.35
7	7000	1.13486	1.24153	0.0001836	0.000112717	0.000149426	0.000480443	2.41714e-06	3.01514e-05	1.03571e-05	1.36
7	7000	1.13578	1.25547	0.000183849	0.000112631	0.000149549	0.000480291	2.61143e-06	3.01057e-05	1.06371e-05	1.36
7	7000	1.13632	1.32506	0.000183486	0.00011236	0.000149517	0.000480094	2.34857e-06	3.01657e-05	1.13171e-05	1.36
7	7000	1.13325	1.31115	0.000183146	0.000112286	0.000149697	0.000479806	2.35429e-06	3.02e-05	1.07086e-05	1.36
8	8000	1.26879	1.22237	0.000218474	0.000132517	0.000203134	0.000446071	4.35143e-06	3.12829e-05	1.16286e-05	1.50
8	8000	1.26904	1.39283	0.000218163	0.000132431	0.000203163	0.000446037	4.13714e-06	3.13686e-05	1.23429e-05	1.49
8	8000	1.26993	1.45356	0.00021786	0.000131946	0.000202623	0.000446089	4.39143e-06	3.14543e-05	1.34229e-05	1.50
8	8000	1.26995	1.39283	0.000218369	0.000132351	0.000202474	0.000446614	4.24571e-06	3.13e-05	1.25714e-05	1.49
8	8000	1.26992	1.28332	0.000218157	0.000132397	0.000203131	0.000445909	3.98286e-06	3.13514e-05	1.204e-05	1.49
8	8000	1.27172	1.41713	0.000218566	0.000132463	0.0002029	0.000446277	4.04857e-06	3.12943e-05	1.27771e-05	1.50
8	8000	1.27003	1.40498	0.000218126	0.000132151	0.000203094	0.000445909	4.46e-06	3.13971e-05	1.27686e-05	1.49
8	8000	1.26877	1.34419	0.000217563	0.000132106	0.000203309	0.000445511	4.56857e-06	3.14029e-05	1.22543e-05	1.49
8	8000	1.27213	1.21018	0.000218446	0.000132409	0.000202971	0.000446214	4.11429e-06	3.116e-05	1.20971e-05	1.50
8	8000	1.27069	1.31985	0.000218437	0.00013238	0.00020306	0.000446089	4.05143e-06	3.13343e-05	1.22457e-05	1.50
9	9000	1.41704	1.67158	0.000249654	0.00015058	0.000266969	0.000400049	9.15714e-06	3.36371e-05	1.67229e-05	1.65
9	9000	1.41497	1.66084	0.00024972	0.000150551	0.000266737	0.00040028	8.82286e-06	3.36114e-05	1.688e-05	1.65
9	9000	1.41839	1.63934	0.00025062	0.000151091	0.000267009	0.00040046	8.72286e-06	3.338e-05	1.71143e-05	1.65
9	9000	1.41734	1.63934	0.000249994	0.000150791	0.000266846	0.000400337	8.98571e-06	3.36029e-05	1.65914e-05	1.64
9	9000	1.4203	1.63934	0.000250191	0.000151066	0.000266057	0.000401374	8.41714e-06	3.34371e-05	1.71571e-05	1.65
9	9000	1.41848	1.67158	0.000250597	0.000151011	0.000266754	0.000400629	8.14857e-06	3.33457e-05	1.75743e-05	1.64
9	9000	1.41608	1.72527	0.000249669	0.000150454	0.000267303	0.000399609	8.74286e-06	3.37514e-05	1.78657e-05	1.64
9	9000	1.41622	1.55327	0.000250129	0.000150631	0.000267486	0.00039974	8.78e-06	3.35314e-05	1.612e-05	1.64
9	9000	1.41668	1.67158	0.000250111	0.000150846	0.000266806	0.000400371	8.54857e-06	3.36171e-05	1.67057e-05	1.64
9	9000	1.41695	1.81104	0.000249946	0.000150771	0.000266683	0.000400443	9.04e-06	3.35829e-05	1.78714e-05	1.64
10	10000	1.58998	1.98961	0.000289757	0.000174006	0.000338394	0.00035092	1.282e-05	3.576e-05	2.33971e-05	1.83
10	10000	1.58845	1.9127	0.00028946	0.000173751	0.000340051	0.000349011	1.27571e-05	3.60229e-05	2.192e-05	1.82
10	10000	1.58597	1.79711	0.000289777	0.000173991	0.000340043	0.000349306	1.33429e-05	3.55257e-05	1.94857e-05	1.81
10	10000	1.58727	1.70058	0.000290171	0.00017424	0.000338503	0.000350934	1.26743e-05	3.56543e-05	2.02257e-05	1.82
10	10000	1.58637	1.85494	0.000289623	0.000173914	0.000339323	0.0003499	1.29086e-05	3.57686e-05	2.01657e-05	1.81
10	10000	1.58771	1.71024	0.00028996	0.000174043	0.000340229	0.00034906	1.344e-05	3.58857e-05	1.91886e-05	1.81
10	10000	1.58798	2.02802	0.000289146	0.000173711	0.000339191	0.000349857	1.33314e-05	3.59743e-05	2.21543e-05	1.81
10	10000	1.58498	1.52634	0.00029	0.000174023	0.00034056	0.000348797	1.25029e-05	3.59029e-05	1.79486e-05	1.81
10	10000	1.58869	1.80676	0.000290051	0.000174163	0.000339263	0.000350063	1.29886e-05	3.57543e-05	2.076e-05	1.83
10	10000	1.58897	1.9704	0.00028924	0.000173734	0.000338711	0.000350309	1.28486e-05	3.58343e-05	2.182e-05	1.82
11	11000	1.78265	2.04809	0.000334291	0.000199763	0.000422906	0.000290983	1.91514e-05	3.77657e-05	2.53971e-05	2.01
11	11000	1.78359	2.2396	0.00033478	0.000199834	0.000421943	0.000291951	1.85429e-05	3.78714e-05	2.79857e-05	2.01
11	11000	1.7811	1.93456	0.00033466	0.000199951	0.000423283	0.000290703	1.79771e-05	3.78543e-05	2.44971e-05	2.01
11	11000	1.78199	2.11781	0.000334954	0.000200246	0.000423149	0.000290974	1.77286e-05	3.81771e-05	2.528e-05	2.01
11	11000	1.78276	2.14394	0.000333937	0.0001998	0.00042262	0.000291174	1.81514e-05	3.80514e-05	2.68971e-05	2.01
11	11000	1.78187	1.98699	0.000334854	0.000200089	0.000422574	0.0002915	1.78514e-05	3.79514e-05	2.56371e-05	2.01
11	11000	1.78456	2.11781	0.000334546	0.000199917	0.000422783	0.000291146	1.87143e-05	3.79514e-05	2.67257e-05	2.01
11	11000	1.78357	2.10039	0.00033442	0.000199817	0.000422491	0.000291411	1.80486e-05	3.782e-05	2.61343e-05	2.01
11	11000	1.78306	2.10039	0.000334331	0.00019978	0.000421397	0.00029244	1.78514e-05	3.77743e-05	2.62886e-05	2.01
11	11000	1.78163	2.08296	0.000335731	0.000200511	0.000422006	0.000292403	1.75e-05	3.79743e-05	2.56086e-05	2.01
12	12000	2.00222	2.42316	0.000379077	0.000224763	0.00052278	0.000218646	2.58743e-05	4.12343e-05	3.42514e-05	2.23
12	12000	1.99967	2.35964	0.000378943	0.000224709	0.000522463	0.000219011	2.63743e-05	4.13286e-05	3.25457e-05	2.23
12	12000	2.0033	2.3517	0.000379243	0.000224851	0.000522811	0.000218746	2.60571e-05	4.10686e-05	3.17371e-05	2.23
12	12000	1.9998	2.37553	0.000378497	0.000224649	0.000522311	0.000219054	2.60771e-05	4.12514e-05	3.35286e-05	2.23
12	12000	2.00211	2.28809	0.000379334	0.000224989	0.000522369	0.000219314	2.66171e-05	4.08657e-05	3.20571e-05	2.22
12	12000	2.00122	2.45489	0.000378106	0.000224249	0.000521551	0.000219454	2.65571e-05	4.11743e-05	3.486e-05	2.23
12	12000	2.00206	2.41522	0.000379226	0.000224917	0.000521871	0.000219717	2.67029e-05	4.12e-05	3.44171e-05	2.23
12	12000	2.00328	2.58159	0.000378246	0.000224731	0.000520951	0.000220466	2.648e-05	4.11e-05	3.648e-05	2.23
12	12000	1.99976	2.26421	0.00037942	0.000224966	0.000522503	0.000219089	2.64629e-05	4.12657e-05	3.18086e-05	2.23
12	12000	2.00163	2.51036	0.000378129	0.000224157	0.000522251	0.000218551	2.718e-05	4.14371e-05	3.408e-05	2.24
