----- Labyrinth GRID in WRAM -----
N_THREADS_DPU	NUM_TXS_PER_DPU	N_DPUS	COMM_TIME	TOTAL_TIME
1	200	500	612	905311
1	200	500	561	912840
1	200	500	620	909254
1	200	500	599	956821
1	200	500	586	948246

8	200	500	486	283270
8	200	500	501	287515
8	200	500	527	284950
8	200	500	496	283308
8	200	500	516	270853

----- Labyrinth GRID in MRAM -----
N_THREADS_DPU	NUM_TXS_PER_DPU	N_DPUS	COMM_TIME	TOTAL_TIME
1	200	500	612	1.08864e+06
1	200	500	584	1.03401e+06
1	200	500	620	1.03894e+06
1	200	500	614	1.09495e+06
1	200	500	590	992412

8	200	500	598	299792
8	200	500	619	296760
8	200	500	659	323004
8	200	500	570	299614
8	200	500	582	311286

10	200	500	606	274057
10	200	500	795	287104
10	200	500	595	280455
10	200	500	605	287571
10	200	500	610	284565


----- [Labyrinth Os] -----
 
10	200	200	49633	3.81568e+07
10	200	200	78372	3.94205e+07 
10	200	200	66270	4.04451e+07 

----- [Labyrinth O1] -----
 
10	200	200	66187	4.11567e+07 
10	200	200	63855	4.11901e+07 
10	200	200	78486	4.20153e+07 
10	200	200	68269	4.22657e+07 
10	200	200	58215	4.51609e+07
