N_THREADS	N_TRANSACTIONS	TIME	N_ABORTS	PROCESS_READ_TIME	PROCESS_WRITE_TIME	PROCESS_VALIDATION_TIME	PROCESS_OTHER_TIME	COMMIT_VALIDATION_TIME	COMMIT_OTHER_TIME	WASTED_TIME
1	100	0.0101407	0	1.65886e-05	1.9e-06	0	1.52314e-05	2.51429e-07	7.50286e-06	1.2e-06
1	100	0.0101406	0	1.65971e-05	1.89714e-06	0	1.52257e-05	2.45714e-07	7.51143e-06	1.19143e-06
1	100	0.0101425	0	1.66086e-05	1.9e-06	0	1.524e-05	2.51429e-07	7.50286e-06	1.18857e-06
1	100	0.0101431	0	1.66171e-05	1.90571e-06	0	1.52257e-05	2.51429e-07	7.50571e-06	1.19714e-06
1	100	0.0101378	0	1.65857e-05	1.9e-06	0	1.522e-05	2.45714e-07	7.51143e-06	1.19429e-06
1	100	0.010139	0	1.65914e-05	1.90286e-06	0	1.52229e-05	2.48571e-07	7.50571e-06	1.19143e-06
1	100	0.0101368	0	1.65771e-05	1.90286e-06	0	1.52171e-05	2.51429e-07	7.5e-06	1.19429e-06
1	100	0.010139	0	1.65971e-05	1.89714e-06	0	1.52257e-05	2.51429e-07	7.5e-06	1.19143e-06
1	100	0.0101373	0	1.65857e-05	1.89714e-06	0	1.52229e-05	2.51429e-07	7.5e-06	1.18857e-06
1	100	0.0101418	0	1.65914e-05	1.90286e-06	0	1.52457e-05	2.51429e-07	7.5e-06	1.19143e-06
2	200	0.0109443	9.90991	1.81657e-05	1.97143e-06	0	1.60514e-05	2.48571e-07	8.82857e-06	4.66571e-06
2	200	0.0112265	14.8936	1.81857e-05	1.97143e-06	0	1.60514e-05	2.48571e-07	8.80857e-06	7.48857e-06
2	200	0.0111831	13.7931	1.82429e-05	1.98286e-06	0	1.60629e-05	2.48571e-07	8.81429e-06	6.92286e-06
2	200	0.0109464	9.90991	1.82e-05	1.97714e-06	0	1.60514e-05	2.51429e-07	8.82857e-06	4.66e-06
2	200	0.0112268	14.5299	1.82571e-05	1.98e-06	0	1.60657e-05	2.48571e-07	8.89714e-06	7.32857e-06
2	200	0.0109406	9.90991	1.818e-05	1.96857e-06	0	1.60371e-05	2.51429e-07	8.81143e-06	4.66e-06
2	200	0.0112169	14.5299	1.82114e-05	1.97714e-06	0	1.60514e-05	2.48571e-07	8.74e-06	7.38286e-06
2	200	0.0109437	9.90991	1.81743e-05	1.97429e-06	0	1.604e-05	2.48571e-07	8.83429e-06	4.66571e-06
2	200	0.0109403	9.90991	1.81829e-05	1.97143e-06	0	1.60343e-05	2.48571e-07	8.80857e-06	4.65714e-06
2	200	0.0108953	8.6758	1.82143e-05	1.97429e-06	0	1.60371e-05	2.48571e-07	8.82e-06	4.10571e-06
3	300	0.0119185	21.671	1.92971e-05	2.12286e-06	0	1.66514e-05	2.48571e-07	9.75143e-06	1.10457e-05
3	300	0.0121757	22.4806	1.94171e-05	2.13429e-06	0	1.66743e-05	2.48571e-07	9.90571e-06	1.202e-05
3	300	0.0118245	21.0526	1.94e-05	2.14e-06	0	1.672e-05	2.48571e-07	9.88571e-06	1.13143e-05
3	300	0.0121175	22.0779	1.94171e-05	2.13143e-06	0	1.66743e-05	2.48571e-07	9.88571e-06	1.21229e-05
3	300	0.0119785	22.4806	1.94829e-05	2.13143e-06	0	1.67086e-05	2.48571e-07	9.92286e-06	1.216e-05
3	300	0.0118826	21.0526	1.93714e-05	2.13429e-06	0	1.66943e-05	2.48571e-07	9.84857e-06	1.18657e-05
3	300	0.0122372	24.2424	1.94514e-05	2.12857e-06	0	1.66657e-05	2.45714e-07	9.93429e-06	1.32771e-05
3	300	0.0123908	24.0506	1.93743e-05	2.12857e-06	0	1.66943e-05	2.48571e-07	9.95429e-06	1.33829e-05
3	300	0.0119004	21.2598	1.94029e-05	2.14e-06	0	1.66971e-05	2.48571e-07	9.87714e-06	1.18343e-05
3	300	0.0122233	24.4332	1.952e-05	2.13714e-06	0	1.68057e-05	2.48571e-07	9.97714e-06	1.292e-05
4	400	0.0138512	38.4615	1.984e-05	2.08286e-06	0	1.67686e-05	2.48571e-07	1.01943e-05	2.30029e-05
4	400	0.0130645	35.7945	1.98229e-05	2.08571e-06	0	1.67171e-05	2.45714e-07	1.03143e-05	2.14714e-05
4	400	0.013913	36.407	2.01914e-05	2.15714e-06	0	1.69657e-05	2.48571e-07	1.06057e-05	2.25886e-05
4	400	0.0137757	38.8379	1.99143e-05	2.14e-06	0	1.68e-05	2.45714e-07	1.04114e-05	2.43686e-05
4	400	0.0142	42.2799	1.96771e-05	2.12857e-06	0	1.67029e-05	2.45714e-07	1.02686e-05	2.87771e-05
4	400	0.0133612	36.1022	2.014e-05	2.10571e-06	0	1.68657e-05	2.45714e-07	1.04857e-05	2.27e-05
4	400	0.0136755	34.4262	2.00743e-05	2.14571e-06	0	1.69314e-05	2.45714e-07	1.04486e-05	2.20171e-05
4	400	0.0149788	40.1198	1.99714e-05	2.15429e-06	0	1.69343e-05	2.45714e-07	1.034e-05	2.60143e-05
4	400	0.0137842	38.5561	2.00571e-05	2.15143e-06	0	1.69086e-05	2.48571e-07	1.03029e-05	2.48171e-05
4	400	0.0137868	38.4615	2.00714e-05	2.14857e-06	0	1.69171e-05	2.45714e-07	1.04943e-05	2.42371e-05
5	500	0.0153248	47.2574	2.09286e-05	2.16571e-06	0	1.72657e-05	2.42857e-07	1.11371e-05	3.588e-05
5	500	0.0167221	50.446	2.06286e-05	2.15714e-06	0	1.71343e-05	2.42857e-07	1.08857e-05	4.19657e-05
5	500	0.0156403	49.0316	2.11829e-05	2.19429e-06	0	1.74571e-05	2.42857e-07	1.126e-05	3.94857e-05
5	500	0.0166725	47.8624	2.142e-05	2.26e-06	0	1.76629e-05	2.42857e-07	1.12857e-05	3.74314e-05
5	500	0.0149504	47.644	2.08543e-05	2.16571e-06	0	1.724e-05	2.42857e-07	1.10429e-05	3.596e-05
5	500	0.0167819	48.9275	2.118e-05	2.2e-06	0	1.74914e-05	2.42857e-07	1.11857e-05	4.12943e-05
5	500	0.0153866	48.1865	2.10486e-05	2.20571e-06	0	1.738e-05	2.42857e-07	1.11657e-05	3.88086e-05
5	500	0.0162036	46.1787	2.10943e-05	2.18286e-06	0	1.73857e-05	2.42857e-07	1.11514e-05	3.60514e-05
5	500	0.0164114	49.4949	2.08e-05	2.14e-06	0	1.72486e-05	2.42857e-07	1.10229e-05	3.95571e-05
5	500	0.0157647	49.0835	2.11629e-05	2.22857e-06	0	1.74657e-05	2.42857e-07	1.12143e-05	3.75429e-05
6	600	0.0189093	55.4896	2.19943e-05	2.21714e-06	0	1.784e-05	2.4e-07	1.172e-05	5.47e-05
6	600	0.0181198	56.044	2.20086e-05	2.24857e-06	0	1.79143e-05	2.4e-07	1.16371e-05	5.40343e-05
6	600	0.0188161	54.2334	2.18257e-05	2.26571e-06	0	1.78171e-05	2.4e-07	1.16143e-05	5.13914e-05
6	600	0.0201352	56.9584	2.18571e-05	2.24857e-06	0	1.79e-05	2.4e-07	1.15771e-05	5.78086e-05
6	600	0.0197561	56.7723	2.244e-05	2.27143e-06	0	1.82057e-05	2.4e-07	1.192e-05	5.79143e-05
6	600	0.0195146	55.9471	2.23e-05	2.25429e-06	0	1.81571e-05	2.4e-07	1.18486e-05	5.49771e-05
6	600	0.0201237	54.8533	2.202e-05	2.27429e-06	0	1.79314e-05	2.4e-07	1.166e-05	5.50486e-05
6	600	0.0194534	56.7412	2.24371e-05	2.23429e-06	0	1.81857e-05	2.4e-07	1.19629e-05	5.666e-05
6	600	0.018937	57.204	2.24714e-05	2.32571e-06	0	1.82743e-05	2.4e-07	1.18771e-05	5.80257e-05
6	600	0.0201681	59.0444	2.24057e-05	2.28857e-06	0	1.82114e-05	2.4e-07	1.19429e-05	6.42371e-05
7	700	0.0239611	61.475	2.32514e-05	2.31714e-06	0	1.87571e-05	2.4e-07	1.23829e-05	7.736e-05
7	700	0.0237724	62.5468	2.32343e-05	2.32571e-06	0	1.87257e-05	2.4e-07	1.23543e-05	8.03314e-05
7	700	0.0219219	59.747	2.28571e-05	2.21714e-06	0	1.83314e-05	2.4e-07	1.23086e-05	6.75571e-05
7	700	0.0229462	61.3473	2.30057e-05	2.21429e-06	0	1.85457e-05	2.4e-07	1.22086e-05	7.45343e-05
7	700	0.0218639	61.1543	2.33457e-05	2.27429e-06	0	1.87229e-05	2.4e-07	1.25229e-05	7.35286e-05
7	700	0.0239956	63.843	2.34029e-05	2.20286e-06	0	1.88171e-05	2.4e-07	1.24e-05	8.41171e-05
7	700	0.0231226	62.1826	2.328e-05	2.32286e-06	0	1.87429e-05	2.4e-07	1.238e-05	7.65914e-05
7	700	0.0205883	64.3766	2.38429e-05	2.33429e-06	0	1.89943e-05	2.4e-07	1.27286e-05	8.36114e-05
7	700	0.0230234	60.114	2.23743e-05	2.27429e-06	0	1.80514e-05	2.4e-07	1.19486e-05	7.01514e-05
7	700	0.0242453	61.6438	2.33314e-05	2.31143e-06	0	1.87971e-05	2.4e-07	1.23371e-05	7.46171e-05
8	800	0.026596	65.5914	2.40857e-05	2.37143e-06	0	1.91857e-05	2.45714e-07	1.28886e-05	9.58086e-05
8	800	0.0295585	64.6018	2.48943e-05	2.34857e-06	0	1.99143e-05	2.48571e-07	1.30257e-05	0.00010178
8	800	0.0257152	65.8557	2.398e-05	2.31714e-06	0	1.908e-05	2.4e-07	1.27486e-05	9.59771e-05
8	800	0.0252454	66.4289	2.43657e-05	2.34857e-06	0	1.94143e-05	2.4e-07	1.29371e-05	9.564e-05
8	800	0.0258694	66.4992	2.47943e-05	2.37714e-06	0	1.96286e-05	2.45714e-07	1.32514e-05	0.000103469
8	800	0.0250034	68.75	2.48286e-05	2.37143e-06	0	1.96686e-05	2.48571e-07	1.32371e-05	0.000108826
8	800	0.0262241	66.4007	2.37743e-05	2.30286e-06	0	1.89829e-05	2.42857e-07	1.26314e-05	9.57743e-05
8	800	0.0275887	65.6357	2.45314e-05	2.35714e-06	0	1.95057e-05	2.42857e-07	1.304e-05	9.84371e-05
8	800	0.0290045	66.4711	2.42686e-05	2.40286e-06	0	1.94629e-05	2.4e-07	1.27657e-05	0.00010044
8	800	0.028293	65.8266	2.37771e-05	2.34571e-06	0	1.91029e-05	2.45714e-07	1.24829e-05	9.96086e-05
9	900	0.0329427	70.3264	2.59143e-05	2.46571e-06	0	2.05057e-05	2.31429e-07	1.37114e-05	0.000127323
9	900	0.0318037	65.9607	2.62371e-05	2.47143e-06	0	2.07914e-05	2.31429e-07	1.376e-05	0.00011132
9	900	0.0289688	67.4149	2.59029e-05	2.36e-06	0	2.03714e-05	2.31429e-07	1.37943e-05	0.000118211
9	900	0.0288299	66.3174	2.57857e-05	2.43714e-06	0	2.036e-05	2.31429e-07	1.36686e-05	0.000109166
9	900	0.0316406	67.903	2.65314e-05	2.48857e-06	0	2.08829e-05	2.31429e-07	1.40057e-05	0.000120583
9	900	0.0324998	69.104	2.70457e-05	2.50571e-06	0	2.12571e-05	2.34286e-07	1.42629e-05	0.000130111
9	900	0.0318866	68.4543	2.52029e-05	2.36857e-06	0	1.99371e-05	2.34286e-07	1.32943e-05	0.00011876
9	900	0.0309669	68.0171	2.55343e-05	2.38286e-06	0	2.01886e-05	2.31429e-07	1.35143e-05	0.000118754
9	900	0.0331732	70.1294	2.68943e-05	2.52286e-06	0	2.11714e-05	2.31429e-07	1.416e-05	0.000134071
9	900	0.031005	68.4984	2.65657e-05	2.38857e-06	0	2.07686e-05	2.31429e-07	1.42657e-05	0.0001237
10	1000	0.0359552	70.1225	2.77743e-05	2.51714e-06	0	2.16657e-05	2.28571e-07	1.47257e-05	0.000142989
10	1000	0.0341336	71.1649	2.564e-05	2.36857e-06	0	2.02771e-05	2.28571e-07	1.35229e-05	0.000140383
10	1000	0.0326217	69.9248	2.77457e-05	2.48286e-06	0	2.15514e-05	2.28571e-07	1.48086e-05	0.00013572
10	1000	0.0353579	70.4928	2.77657e-05	2.53143e-06	0	2.15771e-05	2.28571e-07	1.47971e-05	0.000147734
10	1000	0.0331307	69.997	2.71486e-05	2.4e-06	0	2.11771e-05	2.34286e-07	1.43514e-05	0.000139677
10	1000	0.0348062	70.423	2.67686e-05	2.44e-06	0	2.10543e-05	2.28571e-07	1.40371e-05	0.000145714
10	1000	0.0347485	71.4367	2.608e-05	2.38286e-06	0	2.04629e-05	2.28571e-07	1.37943e-05	0.000141089
10	1000	0.033817	72.2068	2.68771e-05	2.41714e-06	0	2.1e-05	2.28571e-07	1.422e-05	0.000153563
10	1000	0.0372242	69.5956	2.84429e-05	2.57143e-06	0	2.21629e-05	2.28571e-07	1.49914e-05	0.00014608
10	1000	0.0327553	70.3088	2.55229e-05	2.35143e-06	0	2.01143e-05	2.28571e-07	1.35571e-05	0.000133086
11	1100	0.0366073	73.5577	2.88229e-05	2.52857e-06	0	2.22229e-05	2.4e-07	1.53286e-05	0.000173163
11	1100	0.0396406	73.8344	2.95029e-05	2.59714e-06	0	2.27686e-05	2.37143e-07	1.55771e-05	0.000182974
11	1100	0.0394394	73.7846	2.77057e-05	2.54e-06	0	2.16143e-05	2.37143e-07	1.45286e-05	0.000179009
11	1100	0.0366214	72.973	2.89e-05	2.55143e-06	0	2.224e-05	2.42857e-07	1.54057e-05	0.000172877
11	1100	0.0385916	73.7407	2.91171e-05	2.59143e-06	0	2.24486e-05	2.45714e-07	1.54429e-05	0.000176629
11	1100	0.0384069	73.4812	2.81714e-05	2.48857e-06	0	2.18543e-05	2.45714e-07	1.48286e-05	0.000171466
11	1100	0.037713	71.3989	2.79143e-05	2.52571e-06	0	2.17714e-05	2.45714e-07	1.47771e-05	0.000164326
11	1100	0.0352744	72.7183	2.68171e-05	2.42857e-06	0	2.08571e-05	2.4e-07	1.42486e-05	0.000161386
11	1100	0.0405517	71.4878	2.84829e-05	2.51714e-06	0	2.21971e-05	2.45714e-07	1.49457e-05	0.000159043
11	1100	0.0380496	73.3978	2.66371e-05	2.47143e-06	0	2.08657e-05	2.4e-07	1.41029e-05	0.000165337
