N_THREADS	N_TRANSACTIONS	TIME	N_ABORTS	PROCESS_READ_TIME	PROCESS_WRITE_TIME	PROCESS_VALIDATION_TIME	PROCESS_OTHER_TIME	COMMIT_VALIDATION_TIME	COMMIT_OTHER_TIME	WASTED_TIME
1	1000	0.879704	0	7.81314e-05	0.000137689	0	0.000634251	6.22857e-07	1.99057e-05	2.56286e-06	0.97
1	1000	0.879676	0	7.81257e-05	0.000137671	0	0.000634257	6.25714e-07	1.98857e-05	2.57143e-06	0.96
1	1000	0.879717	0	7.81286e-05	0.000137677	0	0.000634283	6.22857e-07	1.99029e-05	2.56e-06	0.96
1	1000	0.879566	0	7.80857e-05	0.000137586	0	0.000634286	6.2e-07	1.98829e-05	2.56857e-06	0.95
1	1000	0.879792	0	7.81514e-05	0.000137729	0	0.000634274	6.22857e-07	1.99029e-05	2.56571e-06	0.96
1	1000	0.879678	0	7.81086e-05	0.000137669	0	0.000634271	6.25714e-07	1.98971e-05	2.56571e-06	0.94
1	1000	0.879738	0	7.81343e-05	0.000137691	0	0.000634274	6.22857e-07	1.99086e-05	2.56571e-06	0.96
1	1000	0.879605	0	7.80943e-05	0.000137594	0	0.0006343	6.22857e-07	1.99029e-05	2.55143e-06	0.95
1	1000	0.879634	0	7.81e-05	0.000137626	0	0.000634289	6.22857e-07	1.98943e-05	2.56e-06	0.96
1	1000	0.879582	0	7.80971e-05	0.000137591	0	0.000634291	6.2e-07	1.98914e-05	2.55429e-06	0.95
2	2000	0.924777	2.53411	8.02343e-05	0.000142031	3.25714e-07	0.000636529	2.31829e-05	2.03571e-05	1.468e-05	1.02
2	2000	0.923867	2.29604	8.02714e-05	0.000142071	3.54286e-07	0.000636506	2.31857e-05	2.03514e-05	1.36514e-05	1.02
2	2000	0.924081	2.34375	8.02971e-05	0.000142217	3.48571e-07	0.000636546	2.324e-05	2.03629e-05	1.36286e-05	1.02
2	2000	0.927054	2.53411	8.04229e-05	0.000142503	3.11429e-07	0.000636666	2.30143e-05	2.03571e-05	1.54571e-05	1.02
2	2000	0.926103	2.62902	8.03057e-05	0.000142274	2.74286e-07	0.000636669	2.3e-05	2.03571e-05	1.60914e-05	1.02
2	2000	0.928558	2.62902	8.05057e-05	0.00014266	2.77143e-07	0.000636777	2.29657e-05	2.03514e-05	1.65029e-05	1.03
2	2000	0.925988	2.53411	8.03171e-05	0.000142129	3.25714e-07	0.00063658	2.30714e-05	2.03457e-05	1.51543e-05	1.02
2	2000	0.92578	2.58159	8.02629e-05	0.000142094	3.2e-07	0.00063654	2.30114e-05	2.034e-05	1.47086e-05	1.02
2	2000	0.926253	2.6764	8.03657e-05	0.000142309	2.77143e-07	0.00063668	2.30257e-05	2.03629e-05	1.60914e-05	1.02
2	2000	0.926948	2.6764	8.03343e-05	0.000142274	2.74286e-07	0.000636623	2.29943e-05	2.03371e-05	1.60686e-05	1.02
3	3000	0.955698	4.85252	8.33743e-05	0.000148374	6.91429e-07	0.000639597	2.37543e-05	2.102e-05	2.67543e-05	1.06
3	3000	0.954629	4.73166	8.34343e-05	0.000148451	7.45714e-07	0.000639546	2.374e-05	2.10429e-05	2.68429e-05	1.05
3	3000	0.952669	4.54979	8.31229e-05	0.000147783	6.45714e-07	0.000639389	2.37914e-05	2.10343e-05	2.63943e-05	1.05
3	3000	0.953719	4.82234	8.32429e-05	0.000147957	6.28571e-07	0.000639511	2.37714e-05	2.10314e-05	2.62029e-05	1.05
3	3000	0.957263	5.48204	8.31771e-05	0.000147949	5.31429e-07	0.00063958	2.38029e-05	2.106e-05	3.14314e-05	1.05
3	3000	0.951537	4.73166	8.29857e-05	0.000147489	7.37143e-07	0.000639189	2.37657e-05	2.10714e-05	2.668e-05	1.04
3	3000	0.950559	4.82234	8.31371e-05	0.000147823	6.02857e-07	0.000639411	2.388e-05	2.10571e-05	2.62686e-05	1.04
3	3000	0.955064	4.91284	8.33257e-05	0.00014816	6.62857e-07	0.000639549	2.37771e-05	2.10371e-05	2.81314e-05	1.05
3	3000	0.951935	5.03324	8.33829e-05	0.00014846	6.82857e-07	0.0006396	2.37743e-05	2.10514e-05	2.63086e-05	1.05
3	3000	0.954203	5.18331	8.30514e-05	0.000147646	6.37143e-07	0.000639306	2.37371e-05	2.10171e-05	2.75886e-05	1.05
4	4000	0.99034	7.36452	8.76457e-05	0.000156726	9.74286e-07	0.000643611	2.452e-05	2.19686e-05	4.388e-05	1.09
4	4000	0.991848	7.5572	8.77229e-05	0.000156966	9.25714e-07	0.000643814	2.44829e-05	2.19657e-05	4.45914e-05	1.08
4	4000	0.987861	6.82506	8.73343e-05	0.000156063	9.42857e-07	0.000643374	2.45429e-05	2.19857e-05	3.924e-05	1.09
4	4000	0.987808	7.64258	8.76086e-05	0.000156554	9.91429e-07	0.000643591	2.45286e-05	2.19486e-05	4.24943e-05	1.08
4	4000	0.986313	6.75991	8.74057e-05	0.00015622	9.65714e-07	0.000643386	2.45886e-05	2.19829e-05	3.91629e-05	1.08
4	4000	0.985812	6.75991	8.73086e-05	0.000156166	1.06286e-06	0.000643254	2.45514e-05	2.19686e-05	3.76114e-05	1.08
4	4000	0.986161	7.17104	8.75143e-05	0.000156414	1.02571e-06	0.000643494	2.44943e-05	2.196e-05	3.97857e-05	1.08
4	4000	0.984869	6.73817	8.74543e-05	0.000156411	1.04e-06	0.000643474	2.45714e-05	2.19971e-05	3.81457e-05	1.08
4	4000	0.988118	6.97674	8.76229e-05	0.000156691	9.88571e-07	0.000643594	2.45286e-05	2.196e-05	3.996e-05	1.09
4	4000	0.986767	6.49836	8.77086e-05	0.000156883	1.06857e-06	0.000643606	2.45543e-05	2.19429e-05	3.74886e-05	1.08
5	5000	1.02965	9.28882	9.35571e-05	0.00016838	1.22286e-06	0.000649329	2.54571e-05	2.32257e-05	5.44971e-05	1.12
5	5000	1.02864	8.9419	9.38143e-05	0.00016884	1.34e-06	0.000649434	2.54314e-05	2.322e-05	5.46371e-05	1.12
5	5000	1.03184	9.10744	9.36514e-05	0.000168649	1.29143e-06	0.000649363	2.53943e-05	2.31514e-05	5.44057e-05	1.13
5	5000	1.02686	9.15698	9.35829e-05	0.000168369	1.34571e-06	0.000649174	2.544e-05	2.31829e-05	5.30143e-05	1.12
5	5000	1.03136	9.02475	9.34114e-05	0.000168017	1.31143e-06	0.000649017	2.54943e-05	2.32057e-05	5.60229e-05	1.13
5	5000	1.03148	9.02475	9.33257e-05	0.000167806	1.30286e-06	0.000649026	2.54229e-05	2.32543e-05	5.33514e-05	1.13
5	5000	1.03433	9.05784	9.39514e-05	0.000169049	1.28286e-06	0.000649554	2.53143e-05	2.31771e-05	5.30886e-05	1.13
5	5000	1.03462	9.09091	9.40514e-05	0.000169409	1.24857e-06	0.000649666	2.54429e-05	2.32229e-05	5.64629e-05	1.13
5	5000	1.02311	8.50869	9.32714e-05	0.000167626	1.44571e-06	0.0006488	2.54086e-05	2.31086e-05	5.04571e-05	1.12
5	5000	1.03783	9.20646	9.37457e-05	0.000168729	1.38571e-06	0.00064926	2.54229e-05	2.32171e-05	5.81886e-05	1.14
6	6000	1.09045	11.3737	0.000101777	0.000184397	1.67714e-06	0.000656914	2.65914e-05	2.48343e-05	7.13029e-05	1.19
6	6000	1.08229	11.282	0.000101029	0.000182874	1.75429e-06	0.000656129	2.67286e-05	2.49029e-05	6.852e-05	1.18
6	6000	1.08657	11.7647	0.000101529	0.000183711	1.75143e-06	0.000656614	2.67e-05	2.48543e-05	7.44657e-05	1.18
6	6000	1.07969	10.8999	0.000101394	0.000183609	1.71143e-06	0.000656574	2.68086e-05	2.494e-05	6.73943e-05	1.18
6	6000	1.08154	10.8337	0.000101309	0.000183429	1.73143e-06	0.000656477	2.66714e-05	2.48057e-05	6.80457e-05	1.18
6	6000	1.08124	11.5696	0.000101426	0.000183529	1.6e-06	0.000656657	2.65971e-05	2.48629e-05	7.09914e-05	1.18
6	6000	1.08461	10.9528	0.000101989	0.000184657	1.81143e-06	0.000656891	2.66114e-05	2.49257e-05	6.91829e-05	1.18
6	6000	1.09301	11.3082	0.000102346	0.00018538	1.72571e-06	0.000657331	2.65857e-05	2.48914e-05	7.08743e-05	1.18
6	6000	1.08627	11.2032	0.000101511	0.000183669	1.64857e-06	0.000656563	2.65543e-05	2.47514e-05	7.03286e-05	1.18
6	6000	1.08562	11.0056	0.000101854	0.000184363	1.67714e-06	0.000656931	2.66114e-05	2.48914e-05	6.906e-05	1.18
7	7000	1.15092	13.5696	0.00011202	0.00020402	1.93714e-06	0.000666597	2.82371e-05	2.71543e-05	8.87457e-05	1.24
7	7000	1.14386	13.2805	0.000111963	0.000203646	2.21143e-06	0.000666349	2.83771e-05	2.71429e-05	8.62543e-05	1.25
7	7000	1.14892	13.6549	0.000112577	0.00020516	2.2e-06	0.00066688	2.82457e-05	2.72371e-05	9.178e-05	1.24
7	7000	1.14582	12.9353	0.000112174	0.000204194	2.28571e-06	0.000666271	2.81714e-05	2.706e-05	8.41829e-05	1.24
7	7000	1.1557	13.216	0.000111991	0.000203829	2.2e-06	0.000666226	2.828e-05	2.70171e-05	8.80086e-05	1.25
7	7000	1.15984	14.0049	0.000111974	0.00020398	2.19429e-06	0.000666297	2.82886e-05	2.71486e-05	9.31e-05	1.25
7	7000	1.1453	12.7617	0.000112451	0.000204751	2.23429e-06	0.000666557	2.83029e-05	2.70914e-05	8.43971e-05	1.24
7	7000	1.14689	13.452	0.000112157	0.000204123	2.14286e-06	0.000666397	2.82857e-05	2.70057e-05	8.81457e-05	1.24
7	7000	1.15157	13.5375	0.000111654	0.000203343	2.1e-06	0.000666086	2.84514e-05	2.724e-05	8.81143e-05	1.25
7	7000	1.15412	13.74	0.00011214	0.000204211	2.06857e-06	0.000666617	2.82829e-05	2.72e-05	9.26514e-05	1.25
8	8000	1.22672	15.2273	0.000125677	0.000230211	2.88857e-06	0.000678826	3.05371e-05	3.00571e-05	0.000106386	1.32
8	8000	1.2304	15.7274	0.000124774	0.000228391	2.55714e-06	0.000678434	3.05886e-05	3.01857e-05	0.000110269	1.33
8	8000	1.22977	15.0563	0.000125234	0.000229234	2.73429e-06	0.000678634	3.03714e-05	3.00257e-05	0.000105	1.33
8	8000	1.22457	15.5851	0.000125106	0.000228826	2.62857e-06	0.000678491	3.05457e-05	2.99571e-05	0.000109546	1.32
8	8000	1.23367	15.6919	0.00012544	0.000229646	2.72286e-06	0.000678714	3.05429e-05	3.00686e-05	0.0001139	1.33
8	8000	1.23217	15.3797	0.000125143	0.000229209	2.69714e-06	0.000678506	3.06629e-05	3.00857e-05	0.000109269	1.33
8	8000	1.22796	15.5227	0.000124937	0.000228529	2.72571e-06	0.000678286	3.05229e-05	2.99e-05	0.000111851	1.32
8	8000	1.2276	14.8664	0.00012522	0.000229174	2.78571e-06	0.000678511	3.04257e-05	3.004e-05	0.00010406	1.33
8	8000	1.23077	15.5227	0.0001255	0.00022976	2.61714e-06	0.000678929	3.06057e-05	3.01629e-05	0.000109357	1.33
8	8000	1.22751	15.0923	0.000125443	0.000229617	2.69714e-06	0.000678811	3.052e-05	3.01e-05	0.000106549	1.32
9	9000	1.3224	16.9818	0.000141223	0.000259717	3.26286e-06	0.000693249	3.32457e-05	3.358e-05	0.0001285	1.43
9	9000	1.32419	16.9742	0.000141489	0.000260211	3.39429e-06	0.000693417	3.33914e-05	3.35e-05	0.00013136	1.42
9	9000	1.33401	17.7256	0.000141597	0.000260529	3.38571e-06	0.000693494	3.33486e-05	3.35714e-05	0.000136689	1.43
9	9000	1.32707	17.522	0.00014228	0.000261771	3.24857e-06	0.000694249	3.33429e-05	3.36857e-05	0.000137243	1.42
9	9000	1.32355	17.2262	0.000141626	0.000260609	3.26857e-06	0.000693691	3.34714e-05	3.376e-05	0.000130729	1.42
9	9000	1.32651	17.2946	0.000141869	0.000261074	3.29143e-06	0.000693909	3.33486e-05	3.36571e-05	0.000132451	1.42
9	9000	1.32695	16.9359	0.00014122	0.000259709	3.35429e-06	0.000693166	3.342e-05	3.37086e-05	0.000128617	1.42
9	9000	1.33206	17.8682	0.000141206	0.000259743	3.16e-06	0.0006934	3.33143e-05	3.36857e-05	0.000137349	1.43
9	9000	1.32439	17.2185	0.000141283	0.00025994	3.20857e-06	0.000693503	3.34029e-05	3.37257e-05	0.000131886	1.42
9	9000	1.32481	17.1423	0.000141334	0.000259949	3.21429e-06	0.000693503	3.32743e-05	3.36286e-05	0.0001298	1.42
10	10000	1.44323	18.6661	0.000160531	0.000296417	3.94e-06	0.000710803	3.65857e-05	3.78714e-05	0.000152529	1.54
10	10000	1.43627	19.0218	0.000161114	0.000297486	4.07143e-06	0.000711357	3.668e-05	3.80257e-05	0.0001601	1.53
10	10000	1.44076	18.9364	0.000161023	0.000297583	4.02857e-06	0.000711297	3.68543e-05	3.79343e-05	0.000156914	1.54
10	10000	1.43908	19.2963	0.00016124	0.000297837	4.13429e-06	0.000711357	3.68029e-05	3.80057e-05	0.000159109	1.53
10	10000	1.44843	19.205	0.000160783	0.000297037	4.00286e-06	0.000711066	3.66171e-05	3.79457e-05	0.00016072	1.55
10	10000	1.43807	19.0087	0.000161077	0.000297614	4.00857e-06	0.000711323	3.66514e-05	3.78457e-05	0.000154426	1.54
10	10000	1.43859	18.7784	0.000160594	0.000296563	3.98286e-06	0.000710977	3.68229e-05	3.80657e-05	0.000157374	1.54
10	10000	1.4385	19.4328	0.000160689	0.000296706	3.79143e-06	0.000711269	3.67143e-05	3.81714e-05	0.000160306	1.54
10	10000	1.4369	19.0873	0.000160826	0.000297074	4.01429e-06	0.000711226	3.67229e-05	3.79629e-05	0.000157674	1.53
10	10000	1.4347	18.9299	0.000160906	0.000297151	3.95429e-06	0.000711314	3.65771e-05	3.796e-05	0.000157929	1.54
11	11000	1.56218	20.977	0.000183317	0.000339923	4.88857e-06	0.00073154	4.05629e-05	4.27229e-05	0.000187371	1.66
11	11000	1.57444	21.1017	0.000183011	0.000338949	4.76857e-06	0.00073144	4.05829e-05	4.26171e-05	0.000192114	1.67
11	11000	1.57128	21.2091	0.000183283	0.000339946	4.85429e-06	0.000731569	4.05457e-05	4.27429e-05	0.000192726	1.67
11	11000	1.5625	20.6063	0.000183757	0.000340677	4.90571e-06	0.000731743	4.06629e-05	4.282e-05	0.000187309	1.67
11	11000	1.57116	20.9259	0.000183623	0.000340577	4.89429e-06	0.000731883	4.05514e-05	4.27771e-05	0.000190963	1.67
11	11000	1.56616	21.1639	0.000183006	0.000339323	4.75714e-06	0.000731286	4.066e-05	4.27486e-05	0.000190377	1.67
11	11000	1.56526	21.2034	0.000182929	0.000339151	4.79429e-06	0.000731363	4.05971e-05	4.28e-05	0.000191711	1.66
11	11000	1.57327	21.226	0.000183103	0.000339323	4.84e-06	0.000731306	4.066e-05	4.27343e-05	0.000193486	1.67
11	11000	1.56622	20.7093	0.000183357	0.000339766	4.92e-06	0.000731483	4.07657e-05	4.28429e-05	0.000188074	1.66
11	11000	1.56971	20.9543	0.000183709	0.000340771	4.87143e-06	0.000731943	4.05286e-05	4.29314e-05	0.000193214	1.67
12	12000	1.71366	23.3716	0.000207897	0.000386454	5.68286e-06	0.000754906	4.52343e-05	4.842e-05	0.00023334	1.81
12	12000	1.71897	22.9089	0.000207634	0.000386251	5.69714e-06	0.000754463	4.49229e-05	4.80971e-05	0.000229026	1.81
12	12000	1.71369	22.7003	0.000207751	0.000386111	5.8e-06	0.000754411	4.492e-05	4.812e-05	0.000220229	1.82
12	12000	1.71842	23.0276	0.000208234	0.000387117	5.84857e-06	0.0007548	4.50914e-05	4.82029e-05	0.000229523	1.81
12	12000	1.70868	22.8097	0.000207831	0.000386391	5.84571e-06	0.000754591	4.51686e-05	4.82057e-05	0.000225846	1.80
12	12000	1.70741	22.8296	0.000207803	0.000386389	5.65714e-06	0.000754594	4.522e-05	4.83343e-05	0.000223683	1.80
12	12000	1.70958	23.0572	0.000207174	0.000385134	5.74e-06	0.000753971	4.49971e-05	4.80686e-05	0.000224063	1.80
12	12000	1.71992	22.7153	0.000207651	0.000386089	5.84857e-06	0.000754269	4.49743e-05	4.80543e-05	0.000228597	1.81
12	12000	1.71771	23.5912	0.000207743	0.000386377	5.66857e-06	0.00075464	4.52229e-05	4.81743e-05	0.00023672	1.82
12	12000	1.71445	22.8246	0.000207494	0.000385769	5.52857e-06	0.000754589	4.52343e-05	4.82429e-05	0.000227243	1.81
