N_THREADS	N_TRANSACTIONS	TIME	N_ABORTS	PROCESS_READ_TIME	PROCESS_WRITE_TIME	PROCESS_VALIDATION_TIME	PROCESS_OTHER_TIME	COMMIT_VALIDATION_TIME	COMMIT_OTHER_TIME	WASTED_TIME
1	1000	0.20834	0	1.31571e-05	2.25257e-05	0	2.25543e-05	6.28571e-07	6.94286e-06	2.45714e-06	0.26
1	1000	0.208365	0	1.316e-05	2.254e-05	0	2.256e-05	6.31429e-07	6.94571e-06	2.46e-06	0.26
1	1000	0.208335	0	1.316e-05	2.25343e-05	0	2.25457e-05	6.31429e-07	6.94e-06	2.45714e-06	0.25
1	1000	0.208378	0	1.31543e-05	2.254e-05	0	2.25629e-05	6.37143e-07	6.94857e-06	2.46286e-06	0.25
1	1000	0.208327	0	1.31543e-05	2.25343e-05	0	2.25457e-05	6.31429e-07	6.93429e-06	2.46286e-06	0.25
1	1000	0.208351	0	1.31714e-05	2.252e-05	0	2.25514e-05	6.31429e-07	6.93714e-06	2.46571e-06	0.25
1	1000	0.208343	0	1.31514e-05	2.25371e-05	0	2.25543e-05	6.34286e-07	6.93429e-06	2.46286e-06	0.25
1	1000	0.208354	0	1.31657e-05	2.25286e-05	0	2.25514e-05	6.34286e-07	6.93143e-06	2.46857e-06	0.25
1	1000	0.208342	0	1.316e-05	2.25371e-05	0	2.25457e-05	6.28571e-07	6.93429e-06	2.46e-06	0.25
1	1000	0.208352	0	1.31543e-05	2.25343e-05	0	2.25486e-05	6.31429e-07	6.94286e-06	2.46571e-06	0.25
2	2000	0.209554	1.38067	1.33114e-05	2.26886e-05	5.42857e-08	2.26171e-05	7.37143e-07	7.02286e-06	2.67429e-06	0.27
2	2000	0.209487	1.33202	1.33e-05	2.268e-05	5.14286e-08	2.26029e-05	7.28571e-07	7.01714e-06	2.67429e-06	0.26
2	2000	0.209502	1.33202	1.33029e-05	2.26886e-05	4.57143e-08	2.26143e-05	7.34286e-07	7.01429e-06	2.68e-06	0.26
2	2000	0.20948	1.42928	1.32971e-05	2.268e-05	4.57143e-08	2.25971e-05	7.22857e-07	7.01714e-06	2.70286e-06	0.26
2	2000	0.209536	1.38067	1.33143e-05	2.26943e-05	5.14286e-08	2.26086e-05	7.34286e-07	7.02e-06	2.68e-06	0.26
2	2000	0.209501	1.28332	1.33029e-05	2.26914e-05	5.42857e-08	2.25914e-05	7.42857e-07	7.02e-06	2.67143e-06	0.26
2	2000	0.20951	1.5748	1.32943e-05	2.26857e-05	4.85714e-08	2.26086e-05	7.22857e-07	7.01714e-06	2.72286e-06	0.26
2	2000	0.209508	1.62322	1.32943e-05	2.26886e-05	4.28571e-08	2.26171e-05	7.14286e-07	7.01714e-06	2.71143e-06	0.26
2	2000	0.209544	1.67158	1.33e-05	2.26914e-05	4.28571e-08	2.26171e-05	7.22857e-07	7.03143e-06	2.71714e-06	0.26
2	2000	0.209526	1.42928	1.33114e-05	2.26886e-05	5.14286e-08	2.26086e-05	7.28571e-07	7.02857e-06	2.68857e-06	0.26
3	3000	0.211775	6.48379	1.34543e-05	2.27429e-05	1.88571e-07	2.27e-05	9.68571e-07	7.14857e-06	3.60571e-06	0.29
3	3000	0.211877	7.37882	1.34543e-05	2.27343e-05	1.97143e-07	2.26971e-05	9.88571e-07	7.14286e-06	3.68571e-06	0.26
3	3000	0.211709	6.74541	1.34429e-05	2.27314e-05	1.77143e-07	2.27086e-05	9.54286e-07	7.15429e-06	3.57429e-06	0.26
3	3000	0.211712	6.65837	1.34457e-05	2.27286e-05	1.91429e-07	2.268e-05	9.82857e-07	7.14e-06	3.56e-06	0.26
3	3000	0.211737	6.74541	1.34543e-05	2.27371e-05	1.88571e-07	2.26971e-05	9.74286e-07	7.15429e-06	3.57143e-06	0.26
3	3000	0.211766	6.8323	1.34571e-05	2.27343e-05	1.91429e-07	2.26971e-05	9.88571e-07	7.14571e-06	3.58e-06	0.26
3	3000	0.211781	7.09198	1.344e-05	2.27371e-05	1.77143e-07	2.27229e-05	9.57143e-07	7.15143e-06	3.64286e-06	0.26
3	3000	0.211731	6.77439	1.34371e-05	2.274e-05	1.74286e-07	2.27171e-05	9.65714e-07	7.14857e-06	3.59429e-06	0.26
3	3000	0.211791	6.6874	1.34629e-05	2.27371e-05	2.05714e-07	2.26886e-05	1e-06	7.15143e-06	3.56857e-06	0.26
3	3000	0.211749	6.94789	1.344e-05	2.27343e-05	1.68571e-07	2.27171e-05	9.68571e-07	7.15429e-06	3.62e-06	0.26
4	4000	0.270214	55.8596	1.46057e-05	2.42743e-05	7.8e-07	2.338e-05	2.43429e-06	7.57429e-06	5.29829e-05	0.34
4	4000	0.266591	54.8787	1.45771e-05	2.42543e-05	7.37143e-07	2.34114e-05	2.43143e-06	7.58286e-06	4.99543e-05	0.32
4	4000	0.270236	56.0295	1.46171e-05	2.428e-05	7.77143e-07	2.34057e-05	2.47429e-06	7.58857e-06	5.22886e-05	0.32
4	4000	0.26803	55.5506	1.45714e-05	2.42771e-05	7.34286e-07	2.34143e-05	2.44e-06	7.59143e-06	5.08343e-05	0.31
4	4000	0.267078	54.9904	1.45314e-05	2.42371e-05	7.14286e-07	2.34114e-05	2.40286e-06	7.57429e-06	4.89114e-05	0.31
4	4000	0.271016	56.308	1.45829e-05	2.424e-05	7.62857e-07	2.338e-05	2.40857e-06	7.58571e-06	5.33429e-05	0.32
4	4000	0.266986	55.2072	1.45886e-05	2.42114e-05	7.82857e-07	2.334e-05	2.42286e-06	7.58286e-06	4.97629e-05	0.32
4	4000	0.27282	56.9476	1.46e-05	2.43171e-05	7.14286e-07	2.34943e-05	2.38e-06	7.59714e-06	5.54514e-05	0.32
4	4000	0.269479	55.9617	1.45943e-05	2.42714e-05	7.8e-07	2.33829e-05	2.40857e-06	7.58286e-06	5.16714e-05	0.32
4	4000	0.272514	57.5507	1.458e-05	2.42771e-05	7.54286e-07	2.34229e-05	2.43143e-06	7.6e-06	5.604e-05	0.32
5	5000	0.361305	74.4259	1.61371e-05	2.67943e-05	1.03143e-06	2.52543e-05	3.09714e-06	8.30571e-06	0.000134754	0.43
5	5000	0.36394	74.4637	1.61029e-05	2.67457e-05	1.02571e-06	2.52429e-05	3.08286e-06	8.28286e-06	0.000135194	0.41
5	5000	0.361257	74.4846	1.60829e-05	2.66857e-05	1.03143e-06	2.51714e-05	3.05714e-06	8.26e-06	0.000134689	0.40
5	5000	0.360719	74.5249	1.61714e-05	2.68e-05	1.03714e-06	2.52857e-05	3.12e-06	8.30286e-06	0.000135229	0.41
5	5000	0.365314	74.2494	1.608e-05	2.67114e-05	1e-06	2.52429e-05	3.09714e-06	8.28571e-06	0.000133511	0.41
5	5000	0.364506	74.9373	1.61429e-05	2.67857e-05	9.8e-07	2.53257e-05	3.08286e-06	8.31429e-06	0.000139106	0.42
5	5000	0.358811	73.942	1.60857e-05	2.66771e-05	1.02571e-06	2.51657e-05	3.1e-06	8.25714e-06	0.000131386	0.40
5	5000	0.358464	74.065	1.60914e-05	2.67314e-05	1.02857e-06	2.52114e-05	3.10286e-06	8.27429e-06	0.000130954	0.41
5	5000	0.364832	74.4389	1.61143e-05	2.67314e-05	1.02857e-06	2.52143e-05	3.13429e-06	8.28e-06	0.000134606	0.41
5	5000	0.36568	74.6707	1.61343e-05	2.67771e-05	1.01429e-06	2.52514e-05	3.07143e-06	8.29429e-06	0.000137451	0.42
6	6000	0.49279	82.7333	1.82514e-05	3.036e-05	1.22286e-06	2.79771e-05	3.51143e-06	9.22571e-06	0.000249657	0.56
6	6000	0.498078	82.9035	1.82257e-05	3.04229e-05	1.16286e-06	2.81571e-05	3.44571e-06	9.23429e-06	0.000254023	0.55
6	6000	0.496038	82.8011	1.82257e-05	3.03257e-05	1.2e-06	2.80114e-05	3.50286e-06	9.24e-06	0.000251906	0.54
6	6000	0.50632	83.2276	1.83314e-05	3.054e-05	1.20857e-06	2.81343e-05	3.47714e-06	9.25714e-06	0.0002647	0.55
6	6000	0.508545	83.3528	1.83143e-05	3.05686e-05	1.18571e-06	2.81943e-05	3.42286e-06	9.28e-06	0.000267777	0.56
6	6000	0.501524	83.1157	1.82086e-05	3.03971e-05	1.13143e-06	2.81486e-05	3.45429e-06	9.26286e-06	0.000260563	0.55
6	6000	0.51231	83.4697	1.82629e-05	3.03914e-05	1.21143e-06	2.80343e-05	3.42e-06	9.25143e-06	0.000267949	0.56
6	6000	0.505106	83.1219	1.82086e-05	3.03314e-05	1.20286e-06	2.8e-05	3.43714e-06	9.22e-06	0.000260006	0.56
6	6000	0.491791	82.9516	1.82314e-05	3.03657e-05	1.21714e-06	2.80286e-05	3.50857e-06	9.26e-06	0.000253234	0.54
6	6000	0.497765	83.0853	1.83e-05	3.04086e-05	1.21143e-06	2.80943e-05	3.46286e-06	9.29429e-06	0.000256863	0.55
7	7000	0.69665	87.7879	2.08971e-05	3.51029e-05	1.29714e-06	3.18257e-05	3.77429e-06	1.03971e-05	0.000428917	0.77
7	7000	0.68998	87.7163	2.07943e-05	3.49229e-05	1.31143e-06	3.16914e-05	3.76857e-06	1.03743e-05	0.000426797	0.74
7	7000	0.700638	87.8792	2.08429e-05	3.49914e-05	1.31143e-06	3.168e-05	3.76e-06	1.03943e-05	0.000436669	0.75
7	7000	0.695871	87.8221	2.08514e-05	3.49743e-05	1.31714e-06	3.17029e-05	3.76e-06	1.03571e-05	0.000431909	0.75
7	7000	0.701165	87.9208	2.06429e-05	3.47743e-05	1.20571e-06	3.16829e-05	3.7e-06	1.03371e-05	0.000438254	0.75
7	7000	0.692248	87.835	2.09829e-05	3.51257e-05	1.33143e-06	3.18343e-05	3.82857e-06	1.042e-05	0.000431846	0.73
7	7000	0.697722	87.7676	2.07829e-05	3.49171e-05	1.28571e-06	3.16771e-05	3.74571e-06	1.03629e-05	0.000430489	0.75
7	7000	0.685143	87.7048	2.08686e-05	3.50457e-05	1.30571e-06	3.17714e-05	3.79429e-06	1.03771e-05	0.000428137	0.73
7	7000	0.688456	87.8059	2.09257e-05	3.504e-05	1.36e-06	3.17457e-05	3.86857e-06	1.04171e-05	0.000428766	0.74
7	7000	0.69204	87.7639	2.08429e-05	3.50143e-05	1.29143e-06	3.17514e-05	3.80571e-06	1.03714e-05	0.000429674	0.74
8	8000	0.931424	90.6452	2.38457e-05	4.022e-05	1.48571e-06	3.58229e-05	4.06286e-06	1.16143e-05	0.000650883	1.00
8	8000	0.934961	90.7299	2.38743e-05	4.02629e-05	1.44571e-06	3.59657e-05	4.04571e-06	1.16457e-05	0.000659509	1.00
8	8000	0.932681	90.6311	2.35457e-05	3.97657e-05	1.39429e-06	3.56029e-05	3.98e-06	1.15629e-05	0.000648769	1.00
8	8000	0.946514	90.795	2.36657e-05	4.00543e-05	1.35714e-06	3.588e-05	4.00286e-06	1.16343e-05	0.00066648	1.02
8	8000	0.950687	90.7725	2.37286e-05	4.008e-05	1.37429e-06	3.59286e-05	3.91143e-06	1.15771e-05	0.00066858	1.02
8	8000	0.936085	90.6892	2.35914e-05	3.99314e-05	1.37143e-06	3.57314e-05	3.98571e-06	1.15743e-05	0.00065134	1.00
8	8000	0.953323	90.9436	2.38743e-05	4.03571e-05	1.38286e-06	3.61171e-05	3.97143e-06	1.16771e-05	0.000677163	1.02
8	8000	0.946786	90.805	2.36743e-05	4.00286e-05	1.34857e-06	3.58114e-05	3.93714e-06	1.15914e-05	0.00066304	1.01
8	8000	0.955684	90.9409	2.38429e-05	4.03343e-05	1.42571e-06	3.59571e-05	3.98857e-06	1.16629e-05	0.000679003	1.03
8	8000	0.938544	90.7299	2.364e-05	3.99971e-05	1.37714e-06	3.57371e-05	3.97714e-06	1.158e-05	0.000657977	1.01
9	9000	1.28795	92.8902	2.68229e-05	4.57229e-05	1.44571e-06	4.03714e-05	4.15714e-06	1.3e-05	0.00098374	1.36
9	9000	1.2518	92.6794	2.65543e-05	4.51086e-05	1.48571e-06	3.98743e-05	4.18e-06	1.28657e-05	0.000943311	1.33
9	9000	1.25156	92.6686	2.66686e-05	4.54029e-05	1.49143e-06	4.00571e-05	4.23143e-06	1.28971e-05	0.000948463	1.32
9	9000	1.26065	92.7969	2.68771e-05	4.57486e-05	1.50286e-06	4.034e-05	4.26857e-06	1.30029e-05	0.000967149	1.33
9	9000	1.24827	92.6963	2.67486e-05	4.54714e-05	1.54857e-06	4.00371e-05	4.22571e-06	1.29171e-05	0.000950149	1.32
9	9000	1.2631	92.8342	2.68543e-05	4.56714e-05	1.52286e-06	4.02571e-05	4.25143e-06	1.296e-05	0.000965631	1.33
9	9000	1.26235	92.774	2.67514e-05	4.55686e-05	1.46857e-06	4.02543e-05	4.21143e-06	1.29829e-05	0.000965537	1.33
9	9000	1.23494	92.553	2.64457e-05	4.50343e-05	1.43143e-06	3.98257e-05	4.19143e-06	1.28e-05	0.000922489	1.31
9	9000	1.24478	92.7466	2.69229e-05	4.56743e-05	1.52857e-06	4.03829e-05	4.28857e-06	1.29914e-05	0.000950023	1.31
9	9000	1.25485	92.727	2.65257e-05	4.51143e-05	1.47143e-06	3.98943e-05	4.18857e-06	1.286e-05	0.00095316	1.32
10	10000	1.65435	94.1844	2.95e-05	5.05229e-05	1.52286e-06	4.42514e-05	4.29143e-06	1.41714e-05	0.00133199	1.73
10	10000	1.60375	93.9268	2.90943e-05	4.98314e-05	1.48e-06	4.37457e-05	4.26286e-06	1.40143e-05	0.00126494	1.67
10	10000	1.5898	93.935	2.93829e-05	5.02286e-05	1.58286e-06	4.39543e-05	4.40571e-06	1.41657e-05	0.00126838	1.67
10	10000	1.64869	94.1695	2.96114e-05	5.06486e-05	1.56857e-06	4.43029e-05	4.31714e-06	1.41914e-05	0.00133095	1.72
10	10000	1.62375	94.0856	2.95829e-05	5.06371e-05	1.53429e-06	4.43543e-05	4.38857e-06	1.42829e-05	0.001308	1.70
10	10000	1.61453	94.0409	2.95343e-05	5.05e-05	1.52857e-06	4.42686e-05	4.32857e-06	1.42057e-05	0.00129279	1.69
10	10000	1.61266	94.0494	2.97e-05	5.07543e-05	1.57143e-06	4.43486e-05	4.42e-06	1.42171e-05	0.00129743	1.68
10	10000	1.64925	94.1935	2.95886e-05	5.06829e-05	1.49714e-06	4.44657e-05	4.31143e-06	1.42829e-05	0.00133865	1.72
10	10000	1.61538	94.0729	2.96857e-05	5.08829e-05	1.52e-06	4.45171e-05	4.36571e-06	1.42629e-05	0.00130276	1.69
10	10000	1.62008	94.0482	2.96743e-05	5.07629e-05	1.50571e-06	4.45229e-05	4.36857e-06	1.41829e-05	0.00129593	1.69
11	11000	2.02367	94.9705	3.23771e-05	5.554e-05	1.62e-06	4.82657e-05	4.61714e-06	1.546e-05	0.00167852	2.10
11	11000	2.05588	95.081	3.26629e-05	5.61514e-05	1.63429e-06	4.86943e-05	4.56857e-06	1.56343e-05	0.00172194	2.13
11	11000	2.031	94.9898	3.22943e-05	5.54971e-05	1.63143e-06	4.81943e-05	4.53714e-06	1.54343e-05	0.00169199	2.11
11	11000	2.06208	95.0315	3.22686e-05	5.55171e-05	1.56e-06	4.82543e-05	4.45714e-06	1.54457e-05	0.00171303	2.13
11	11000	2.01741	94.9469	3.23e-05	5.54743e-05	1.60286e-06	4.82e-05	4.58857e-06	1.55114e-05	0.00167263	2.09
11	11000	2.04593	95.035	3.24514e-05	5.59057e-05	1.55714e-06	4.86229e-05	4.55429e-06	1.55971e-05	0.00170007	2.12
11	11000	2.0455	95.0459	3.26771e-05	5.61686e-05	1.59143e-06	4.88114e-05	4.63143e-06	1.56486e-05	0.00171201	2.11
11	11000	2.0574	95.0667	3.24514e-05	5.58543e-05	1.6e-06	4.85286e-05	4.52857e-06	1.55514e-05	0.00171995	2.12
11	11000	2.02035	94.9399	3.22171e-05	5.54286e-05	1.59714e-06	4.81771e-05	4.57714e-06	1.542e-05	0.0016691	2.09
11	11000	2.06662	95.1071	3.26771e-05	5.61943e-05	1.60286e-06	4.87629e-05	4.58571e-06	1.56e-05	0.00173384	2.14
12	12000	2.55752	95.813	3.53514e-05	6.10543e-05	1.61143e-06	5.274e-05	4.72e-06	1.69514e-05	0.00220057	2.63
12	12000	2.53848	95.7856	3.51943e-05	6.08857e-05	1.60857e-06	5.26171e-05	4.67714e-06	1.69743e-05	0.00218384	2.61
12	12000	2.56202	95.824	3.51343e-05	6.08086e-05	1.57714e-06	5.25314e-05	4.67714e-06	1.68457e-05	0.00220432	2.64
12	12000	2.55331	95.8039	3.53171e-05	6.09686e-05	1.62e-06	5.27057e-05	4.67429e-06	1.688e-05	0.00220009	2.62
12	12000	2.5377	95.7811	3.526e-05	6.08257e-05	1.63714e-06	5.25971e-05	4.71429e-06	1.68914e-05	0.00217643	2.61
12	12000	2.51846	95.7561	3.50143e-05	6.05457e-05	1.60571e-06	5.23286e-05	4.68286e-06	1.67457e-05	0.00215684	2.59
12	12000	2.52389	95.7384	3.502e-05	6.046e-05	1.63143e-06	5.22457e-05	4.67143e-06	1.68114e-05	0.00215651	2.60
12	12000	2.51169	95.7436	3.52629e-05	6.078e-05	1.68e-06	5.24714e-05	4.73143e-06	1.68743e-05	0.0021593	2.58
12	12000	2.51315	95.7181	3.49171e-05	6.02171e-05	1.67143e-06	5.20143e-05	4.64e-06	1.66743e-05	0.00214505	2.59
12	12000	2.52477	95.7567	3.50686e-05	6.05486e-05	1.62e-06	5.23143e-05	4.69143e-06	1.67486e-05	0.00216512	2.60
