N_THREADS	N_TRANSACTIONS	TIME	N_ABORTS	PROCESS_READ_TIME	PROCESS_WRITE_TIME	PROCESS_VALIDATION_TIME	PROCESS_OTHER_TIME	COMMIT_VALIDATION_TIME	COMMIT_OTHER_TIME	WASTED_TIME
1	1000	0.82308	0	7.80743e-05	0.00013774	0	0.00057764	6.22857e-07	1.99114e-05	2.56e-06	1.07
1	1000	0.823148	0	7.81229e-05	0.000137771	0	0.000577623	6.2e-07	1.99029e-05	2.57143e-06	1.06
1	1000	0.823196	0	7.80943e-05	0.000137817	0	0.000577646	6.22857e-07	1.99114e-05	2.56286e-06	1.07
1	1000	0.822764	0	7.79886e-05	0.000137534	0	0.000577646	6.22857e-07	1.99086e-05	2.54571e-06	1.06
1	1000	0.823052	0	7.80571e-05	0.000137717	0	0.000577646	6.22857e-07	1.99114e-05	2.56571e-06	1.06
1	1000	0.823077	0	7.80457e-05	0.000137731	0	0.000577646	6.22857e-07	1.99314e-05	2.56857e-06	1.06
1	1000	0.823196	0	7.81371e-05	0.000137777	0	0.000577651	6.22857e-07	1.99086e-05	2.56857e-06	1.06
1	1000	0.823125	0	7.812e-05	0.000137731	0	0.000577637	6.25714e-07	1.99057e-05	2.57143e-06	1.06
1	1000	0.823028	0	7.80629e-05	0.000137734	0	0.000577614	6.2e-07	1.99114e-05	2.55429e-06	1.07
1	1000	0.823158	0	7.80943e-05	0.000137809	0	0.00057762	6.25714e-07	1.99057e-05	2.56857e-06	1.06
2	2000	0.868794	2.48659	8.034e-05	0.000142369	3.65714e-07	0.000579971	2.29057e-05	2.04057e-05	1.38629e-05	1.11
2	2000	0.868795	2.58159	8.04257e-05	0.00014262	3.62857e-07	0.000580011	2.28714e-05	2.04e-05	1.43257e-05	1.11
2	2000	0.86935	2.58159	8.02743e-05	0.000142263	3.74286e-07	0.000579831	2.308e-05	2.03886e-05	1.44943e-05	1.10
2	2000	0.870973	2.58159	8.026e-05	0.000142226	3.45714e-07	0.00057986	2.29686e-05	2.04029e-05	1.51371e-05	1.11
2	2000	0.871317	2.62902	8.05257e-05	0.000142797	3.68571e-07	0.000580097	2.30143e-05	2.04114e-05	1.47086e-05	1.11
2	2000	0.870819	2.58159	8.06057e-05	0.000143017	3.62857e-07	0.000580174	2.30086e-05	2.04057e-05	1.474e-05	1.11
2	2000	0.868696	2.48659	8.04743e-05	0.000142686	3.77143e-07	0.000580057	2.29e-05	2.04143e-05	1.31029e-05	1.11
2	2000	0.868988	2.53411	8.05629e-05	0.00014294	3.4e-07	0.000580017	2.306e-05	2.03771e-05	1.43114e-05	1.11
2	2000	0.869516	2.62902	8.03286e-05	0.000142283	3.57143e-07	0.000579889	2.30286e-05	2.04171e-05	1.47429e-05	1.11
2	2000	0.86865	2.53411	8.05086e-05	0.000142709	3.6e-07	0.000580086	2.29343e-05	2.04e-05	1.43229e-05	1.11
3	3000	0.895504	4.61049	8.34314e-05	0.000148509	7.51429e-07	0.000582866	2.39086e-05	2.11143e-05	2.48257e-05	1.14
3	3000	0.897519	4.61049	8.36486e-05	0.000149063	6.2e-07	0.000583266	2.38343e-05	2.11914e-05	2.546e-05	1.14
3	3000	0.89468	4.73166	8.352e-05	0.000148663	7e-07	0.000583029	2.38657e-05	2.11486e-05	2.45971e-05	1.14
3	3000	0.898724	4.97308	8.35543e-05	0.000148774	6.97143e-07	0.000583066	2.38114e-05	2.11486e-05	2.712e-05	1.14
3	3000	0.893214	4.30622	8.34286e-05	0.000148469	7.42857e-07	0.000582894	2.37971e-05	2.11543e-05	2.3e-05	1.13
3	3000	0.891669	4.0614	8.36629e-05	0.000149094	6.94286e-07	0.000583206	2.38543e-05	2.11514e-05	2.16971e-05	1.13
3	3000	0.896598	4.42816	8.37286e-05	0.000149017	7.71429e-07	0.000583074	2.38086e-05	2.11343e-05	2.43629e-05	1.14
3	3000	0.897227	4.64081	8.35171e-05	0.000148737	6.45714e-07	0.000583094	2.37714e-05	2.11486e-05	2.48829e-05	1.14
3	3000	0.895741	4.61049	8.36229e-05	0.000148903	7.31429e-07	0.00058308	2.38429e-05	2.11143e-05	2.44029e-05	1.13
3	3000	0.897908	4.54979	8.36e-05	0.000149089	6.77143e-07	0.000583209	2.37886e-05	2.11543e-05	2.58886e-05	1.14
4	4000	0.930599	6.4765	8.86371e-05	0.000158729	1.06571e-06	0.000587709	2.45857e-05	2.21143e-05	3.42571e-05	1.18
4	4000	0.932004	6.30124	8.858e-05	0.000158689	1.02e-06	0.000587783	2.45829e-05	2.21229e-05	3.58971e-05	1.18
4	4000	0.931494	7.01999	8.81514e-05	0.000157934	9.74286e-07	0.000587529	2.46771e-05	2.21229e-05	3.656e-05	1.18
4	4000	0.93125	6.99837	8.852e-05	0.000158743	8.74286e-07	0.000587957	2.46829e-05	2.218e-05	3.82371e-05	1.18
4	4000	0.9309	6.84676	8.83629e-05	0.000158366	9.74286e-07	0.000587674	2.46543e-05	2.21886e-05	3.76771e-05	1.18
4	4000	0.931937	6.49836	8.86743e-05	0.000158891	1.06e-06	0.000587829	2.46343e-05	2.21543e-05	3.73171e-05	1.18
4	4000	0.932934	6.86845	8.87457e-05	0.000158994	9.85714e-07	0.000587954	2.46543e-05	2.21371e-05	3.90457e-05	1.18
4	4000	0.937482	7.5572	8.87343e-05	0.000159077	8.88571e-07	0.000588086	2.46857e-05	2.21514e-05	4.18829e-05	1.18
4	4000	0.93261	6.54206	8.87343e-05	0.000159134	1.04286e-06	0.000587926	2.46343e-05	2.21371e-05	3.68e-05	1.17
4	4000	0.932359	7.23562	8.828e-05	0.000158123	1e-06	0.000587574	2.47e-05	2.21771e-05	3.99114e-05	1.18
5	5000	0.97832	8.85891	9.55571e-05	0.000172577	1.32857e-06	0.000594323	2.56943e-05	2.36057e-05	4.99457e-05	1.23
5	5000	0.975207	9.07438	9.54943e-05	0.000172214	1.34571e-06	0.00059414	2.566e-05	2.35286e-05	4.94771e-05	1.22
5	5000	0.980446	8.95849	9.56971e-05	0.000172937	1.18286e-06	0.000594634	2.56486e-05	2.35971e-05	5.18429e-05	1.23
5	5000	0.980992	9.48588	9.50171e-05	0.00017136	1.18857e-06	0.000593997	2.56286e-05	2.35457e-05	5.38314e-05	1.23
5	5000	0.980379	9.00819	9.54457e-05	0.000172289	1.31143e-06	0.0005942	2.56514e-05	2.35371e-05	4.92e-05	1.22
5	5000	0.974412	8.87552	9.5e-05	0.00017126	1.42e-06	0.000593671	2.57314e-05	2.352e-05	4.99286e-05	1.22
5	5000	0.97923	9.12395	9.49171e-05	0.000171023	1.25714e-06	0.000593729	2.56971e-05	2.352e-05	5.21914e-05	1.22
5	5000	0.976936	8.97506	9.54457e-05	0.000172266	1.24857e-06	0.000594229	2.56343e-05	2.34943e-05	5.18114e-05	1.22
5	5000	0.974842	8.57561	9.538e-05	0.00017222	1.29714e-06	0.000594263	2.56514e-05	2.35571e-05	4.60086e-05	1.22
5	5000	0.978275	8.85891	9.55143e-05	0.00017232	1.36571e-06	0.000594189	2.56229e-05	2.356e-05	5.05114e-05	1.22
6	6000	1.02851	11.1111	0.00010412	0.000188894	1.74286e-06	0.000602269	2.70829e-05	2.54343e-05	6.49571e-05	1.27
6	6000	1.03666	10.6079	0.000104334	0.000189514	1.72286e-06	0.000602486	2.702e-05	2.54457e-05	6.32486e-05	1.29
6	6000	1.03676	11.3606	0.000104494	0.000189791	1.65143e-06	0.000602691	2.69771e-05	2.53829e-05	6.60314e-05	1.28
6	6000	1.03606	10.9528	0.000104386	0.000189563	1.62e-06	0.000602609	2.698e-05	2.538e-05	6.49543e-05	1.28
6	6000	1.03102	11.0188	0.00010364	0.000188037	1.66857e-06	0.000601931	2.71371e-05	2.54057e-05	6.59886e-05	1.27
6	6000	1.03888	11.2951	0.000104317	0.00018956	1.81429e-06	0.000602434	2.70714e-05	2.54629e-05	6.742e-05	1.28
6	6000	1.0331	11.4522	0.000104426	0.000189791	1.69429e-06	0.000602657	2.70486e-05	2.54629e-05	6.78686e-05	1.28
6	6000	1.03065	10.5679	0.000104477	0.000189837	1.65429e-06	0.000602637	2.69771e-05	2.54429e-05	6.18857e-05	1.28
6	6000	1.02983	10.966	0.00010428	0.00018946	1.77143e-06	0.000602389	2.71029e-05	2.546e-05	6.39743e-05	1.27
6	6000	1.03967	11.1506	0.000104463	0.00018976	1.62857e-06	0.000602751	2.69571e-05	2.55286e-05	6.94057e-05	1.28
7	7000	1.10192	13.0867	0.000116031	0.000211869	2.25143e-06	0.00061318	2.89343e-05	2.78429e-05	8.31057e-05	1.34
7	7000	1.10222	12.9028	0.000116511	0.000212871	2.28286e-06	0.000613549	2.88629e-05	2.80914e-05	8.33971e-05	1.35
7	7000	1.10389	13.0975	0.000116091	0.000211957	2.13143e-06	0.000613317	2.886e-05	2.79086e-05	8.18171e-05	1.35
7	7000	1.10797	13.4199	0.000116474	0.000213074	2.24e-06	0.00061356	2.87943e-05	2.79171e-05	8.58971e-05	1.35
7	7000	1.11026	13.3127	0.00011638	0.000212689	2.18857e-06	0.000613563	2.88571e-05	2.78971e-05	8.25143e-05	1.36
7	7000	1.09568	12.7726	0.000116234	0.00021244	2.07143e-06	0.000613629	2.89657e-05	2.80686e-05	7.86229e-05	1.34
7	7000	1.10345	12.892	0.000115437	0.000210803	2.16e-06	0.0006128	2.89486e-05	2.79943e-05	8.15743e-05	1.34
7	7000	1.10595	13.1298	0.000116237	0.000212274	2.01143e-06	0.000613669	2.896e-05	2.80371e-05	8.33914e-05	1.36
7	7000	1.10537	12.6638	0.00011672	0.000213474	2.10286e-06	0.00061402	2.87771e-05	2.804e-05	8.14086e-05	1.36
7	7000	1.10208	12.9353	0.000116346	0.000212871	2.14e-06	0.000613674	2.91657e-05	2.81486e-05	8.28286e-05	1.35
8	8000	1.19056	15.3439	0.000130954	0.000240623	2.58571e-06	0.000627194	3.14971e-05	3.14514e-05	0.000104086	1.44
8	8000	1.1877	15.1824	0.000130674	0.000240106	2.67714e-06	0.00062682	3.136e-05	3.12629e-05	0.000103989	1.43
8	8000	1.18902	15.1554	0.000131026	0.000240969	2.79143e-06	0.00062706	3.15057e-05	3.12943e-05	0.000103111	1.43
8	8000	1.18859	15.3976	0.000130246	0.000239357	2.54857e-06	0.000626566	3.14714e-05	3.12714e-05	0.000106797	1.43
8	8000	1.18688	15.0923	0.000131003	0.000240763	2.70857e-06	0.000627023	3.13943e-05	3.13e-05	0.00010214	1.44
8	8000	1.19419	15.5316	0.000130629	0.00024	2.77143e-06	0.000626657	3.13971e-05	3.12857e-05	0.000107457	1.44
8	8000	1.18689	15.3439	0.000130554	0.000239923	2.62286e-06	0.000626826	3.15771e-05	3.13171e-05	0.000103837	1.43
8	8000	1.18892	15.0202	0.000130729	0.000240037	2.70286e-06	0.000626829	3.13314e-05	3.13314e-05	0.000103249	1.43
8	8000	1.18461	15.1194	0.000130783	0.000240234	2.73429e-06	0.000626811	3.13629e-05	3.126e-05	0.000101051	1.42
8	8000	1.18286	14.7939	0.000130723	0.000240191	2.74571e-06	0.000626754	3.14943e-05	3.14114e-05	0.00010048	1.43
9	9000	1.29088	17.2642	0.000148509	0.000274266	3.29429e-06	0.000642914	3.466e-05	3.51057e-05	0.00012536	1.54
9	9000	1.29015	17.4009	0.000148149	0.00027302	3.46571e-06	0.000642463	3.46429e-05	3.52314e-05	0.000129017	1.53
9	9000	1.28995	16.9512	0.000148423	0.000273849	3.26286e-06	0.000643049	3.46429e-05	3.54229e-05	0.000125377	1.53
9	9000	1.30079	17.5069	0.000148609	0.000274143	3.43429e-06	0.000642849	3.44629e-05	3.52429e-05	0.000129931	1.55
9	9000	1.29814	17.4993	0.000148803	0.000274611	3.35714e-06	0.000643206	3.44143e-05	3.51829e-05	0.000131214	1.54
9	9000	1.29307	17.1423	0.000148837	0.000274974	3.40857e-06	0.0006432	3.452e-05	3.51971e-05	0.000126097	1.54
9	9000	1.29324	16.9742	0.000149014	0.000275114	3.42286e-06	0.000643277	3.45171e-05	3.52029e-05	0.000125791	1.54
9	9000	1.29478	16.9129	0.00014892	0.00027482	3.33429e-06	0.000643294	3.446e-05	3.53029e-05	0.000123891	1.54
9	9000	1.29464	17.6277	0.000148909	0.000274954	3.51143e-06	0.000643206	3.46143e-05	3.53343e-05	0.000130446	1.54
9	9000	1.29866	17.7632	0.000148334	0.000273591	3.21143e-06	0.000642877	3.46543e-05	3.52971e-05	0.000131986	1.54
10	10000	1.4255	19.6012	0.000169834	0.000314657	3.94e-06	0.000662329	3.84086e-05	4.00143e-05	0.000162234	1.68
10	10000	1.40963	18.7982	0.000169526	0.000314074	4.14286e-06	0.000661871	3.84429e-05	3.99e-05	0.000147671	1.66
10	10000	1.4177	19.1266	0.000169889	0.000314863	3.89429e-06	0.000662474	3.83029e-05	3.98e-05	0.000156729	1.67
10	10000	1.41129	18.7454	0.000169311	0.000313606	4.03143e-06	0.000661749	3.84914e-05	3.99e-05	0.000152351	1.66
10	10000	1.41447	19.0087	0.000169329	0.000313671	4.02286e-06	0.00066186	3.85029e-05	3.99971e-05	0.000154017	1.65
10	10000	1.41349	18.9364	0.000169463	0.000313989	3.92571e-06	0.000662029	3.84371e-05	3.97886e-05	0.000152749	1.65
10	10000	1.41427	18.7454	0.000169414	0.000313846	3.98571e-06	0.000661903	3.854e-05	3.998e-05	0.000152906	1.66
10	10000	1.41487	19.0283	0.000169529	0.000314014	4.23714e-06	0.000661729	3.83e-05	3.97971e-05	0.000155626	1.66
10	10000	1.41893	19.3418	0.000170229	0.000315663	4.08286e-06	0.000662571	3.84171e-05	3.996e-05	0.000161211	1.67
10	10000	1.41604	18.8048	0.000169714	0.000314257	3.97714e-06	0.000662157	3.84829e-05	3.99971e-05	0.000152177	1.66
11	11000	1.55843	21.1017	0.000193397	0.000359269	4.61429e-06	0.000683517	4.26657e-05	4.50171e-05	0.000192557	1.81
11	11000	1.55034	20.715	0.00019364	0.000359826	5.01429e-06	0.000683417	4.258e-05	4.50229e-05	0.000186354	1.80
11	11000	1.54893	20.503	0.000193623	0.000359649	5.09714e-06	0.000683254	4.268e-05	4.508e-05	0.00018248	1.80
11	11000	1.54996	21.0224	0.000193809	0.000360434	4.73429e-06	0.000683871	4.268e-05	4.51743e-05	0.000189554	1.80
11	11000	1.55907	20.9486	0.000193057	0.000358626	4.69714e-06	0.000683114	4.262e-05	4.50314e-05	0.000189703	1.81
11	11000	1.55945	20.8234	0.000193389	0.000359374	4.67714e-06	0.000683457	4.28429e-05	4.50143e-05	0.000189203	1.80
11	11000	1.55431	20.7493	0.000193189	0.000358749	5.00571e-06	0.000682946	4.26371e-05	4.49886e-05	0.000187874	1.80
11	11000	1.54819	20.6807	0.000194051	0.000360537	4.90857e-06	0.000683863	4.25857e-05	4.50371e-05	0.000182809	1.79
11	11000	1.55827	20.8747	0.000193646	0.000359826	4.96571e-06	0.000683394	4.26829e-05	4.50257e-05	0.00019082	1.81
11	11000	1.54977	20.5317	0.000193251	0.000359211	4.66286e-06	0.000683454	4.27514e-05	4.52943e-05	0.000183657	1.79
12	12000	1.70417	22.4305	0.000219074	0.000408254	5.73429e-06	0.000706666	4.71514e-05	5.05257e-05	0.000220689	1.95
12	12000	1.69997	22.6306	0.000219723	0.000409469	5.67143e-06	0.000707429	4.72971e-05	5.05543e-05	0.00022262	1.95
12	12000	1.70259	22.5257	0.000219223	0.000408329	5.89143e-06	0.000706591	4.73943e-05	5.05943e-05	0.000220717	1.95
12	12000	1.69691	22.7202	0.000219194	0.000408469	5.52857e-06	0.000707091	4.73943e-05	5.06657e-05	0.000222254	1.94
12	12000	1.71147	22.8445	0.000219514	0.000409231	5.84286e-06	0.000707083	4.72514e-05	5.07086e-05	0.000224403	1.96
12	12000	1.70582	22.7202	0.000219626	0.000409209	5.92857e-06	0.000706937	4.72429e-05	5.07029e-05	0.000225357	1.95
12	12000	1.7003	22.4405	0.000219397	0.000408743	5.80857e-06	0.0007069	4.72371e-05	5.04771e-05	0.0002213	1.95
12	12000	1.70264	22.5407	0.000219366	0.000408951	5.65714e-06	0.000707166	4.70714e-05	5.05857e-05	0.000225209	1.95
12	12000	1.70405	22.8841	0.00021944	0.000408737	5.76857e-06	0.000707023	4.73971e-05	5.07e-05	0.000226283	1.95
12	12000	1.69364	22.5607	0.000219651	0.000409243	5.78286e-06	0.000707191	4.73886e-05	5.074e-05	0.000219703	1.93
