N_THREADS	N_TRANSACTIONS	TIME	N_ABORTS	PROCESS_READ_TIME	PROCESS_WRITE_TIME	PROCESS_VALIDATION_TIME	PROCESS_OTHER_TIME	COMMIT_VALIDATION_TIME	COMMIT_OTHER_TIME	WASTED_TIME
1	192	205.53	0	0.000141471	0.00041056	0	0.0465695	6.28571e-07	3.28314e-05	2.48e-06
1	192	205.53	0	0.000141471	0.00041056	0	0.0465695	6.28571e-07	3.28314e-05	2.48e-06
1	192	205.53	0	0.000141471	0.00041056	0	0.0465695	6.28571e-07	3.28314e-05	2.48e-06
1	192	205.54	0	0.000141597	0.00041042	0	0.0466451	6.28571e-07	3.28286e-05	2.48571e-06
1	192	205.54	0	0.000141597	0.00041042	0	0.0466451	6.28571e-07	3.28286e-05	2.48571e-06
1	192	205.54	0	0.000141597	0.00041042	0	0.0466451	6.28571e-07	3.28286e-05	2.48571e-06
1	192	205.53	0	0.000141391	0.000410443	0	0.0466102	6.31429e-07	3.28371e-05	2.48e-06
1	192	205.53	0	0.000141391	0.000410443	0	0.0466102	6.31429e-07	3.28371e-05	2.48e-06
1	192	205.53	0	0.000141391	0.000410443	0	0.0466102	6.31429e-07	3.28371e-05	2.48e-06
1	192	205.53	0	0.000141391	0.000410443	0	0.0466102	6.31429e-07	3.28371e-05	2.48e-06
2	192	118.436	4.9505	0.000144197	0.000414074	4.03714e-06	0.0565146	2.04829e-05	3.32514e-05	0.0141787	118.55
2	192	118.436	4.9505	0.000144197	0.000414074	4.03714e-06	0.0565146	2.04829e-05	3.32514e-05	0.0141787	118.55
2	192	118.436	4.9505	0.000144197	0.000414074	4.03714e-06	0.0565146	2.04829e-05	3.32514e-05	0.0141787	118.55
2	192	118.432	4.9505	0.000144231	0.000414069	4.04e-06	0.0564811	2.04686e-05	3.33171e-05	0.0141724	118.54
2	192	118.432	4.9505	0.000144231	0.000414069	4.04e-06	0.0564811	2.04686e-05	3.33171e-05	0.0141724	118.54
2	192	118.432	4.9505	0.000144231	0.000414069	4.04e-06	0.0564811	2.04686e-05	3.33171e-05	0.0141724	118.54
2	192	118.43	4.9505	0.000144249	0.000414077	4.00857e-06	0.0564653	2.03829e-05	3.32914e-05	0.0141696	118.54
2	192	118.43	4.9505	0.000144249	0.000414077	4.00857e-06	0.0564653	2.03829e-05	3.32914e-05	0.0141696	118.54
2	192	118.43	4.9505	0.000144249	0.000414077	4.00857e-06	0.0564653	2.03829e-05	3.32914e-05	0.0141696	118.54
2	192	118.43	4.9505	0.000144249	0.000414077	4.00857e-06	0.0564653	2.03829e-05	3.32914e-05	0.0141696	118.54
3	192	88.6553	9.00474	0.000147243	0.000419214	4.9e-06	0.0604363	2.46886e-05	3.39086e-05	0.153263	88.76
3	192	88.6553	9.00474	0.000147243	0.000419214	4.9e-06	0.0604363	2.46886e-05	3.39086e-05	0.153263	88.76
3	192	88.6553	9.00474	0.000147243	0.000419214	4.9e-06	0.0604363	2.46886e-05	3.39086e-05	0.153263	88.76
3	192	88.6553	9.00474	0.0001472	0.000419211	4.90286e-06	0.0604352	2.47343e-05	3.396e-05	0.153261	88.77
3	192	88.6553	9.00474	0.0001472	0.000419211	4.90286e-06	0.0604352	2.47343e-05	3.396e-05	0.153261	88.77
3	192	88.6553	9.00474	0.0001472	0.000419211	4.90286e-06	0.0604352	2.47343e-05	3.396e-05	0.153261	88.77
3	192	88.6558	9.00474	0.000147289	0.000419529	4.89714e-06	0.0604428	2.46629e-05	3.39286e-05	0.153258	88.76
3	192	88.6558	9.00474	0.000147289	0.000419529	4.89714e-06	0.0604428	2.46629e-05	3.39286e-05	0.153258	88.76
3	192	88.6558	9.00474	0.000147289	0.000419529	4.89714e-06	0.0604428	2.46629e-05	3.39286e-05	0.153258	88.76
3	192	88.6558	9.00474	0.000147289	0.000419529	4.89714e-06	0.0604428	2.46629e-05	3.39286e-05	0.153258	88.76
4	192	80.7561	16.1572	0.000149329	0.0004308	4.29429e-06	0.129035	2.62514e-05	3.446e-05	0.0957872	80.89
4	192	80.7561	16.1572	0.000149329	0.0004308	4.29429e-06	0.129035	2.62514e-05	3.446e-05	0.0957872	80.89
4	192	80.7561	16.1572	0.000149329	0.0004308	4.29429e-06	0.129035	2.62514e-05	3.446e-05	0.0957872	80.89
4	192	80.7688	16.1572	0.000149569	0.000431051	4.30286e-06	0.129217	2.62343e-05	3.454e-05	0.0958677	80.88
4	192	80.7688	16.1572	0.000149569	0.000431051	4.30286e-06	0.129217	2.62343e-05	3.454e-05	0.0958677	80.88
4	192	80.7688	16.1572	0.000149569	0.000431051	4.30286e-06	0.129217	2.62343e-05	3.454e-05	0.0958677	80.88
4	192	80.7692	16.1572	0.000149423	0.000430786	4.31714e-06	0.129209	2.62e-05	3.45371e-05	0.0958727	80.88
4	192	80.7692	16.1572	0.000149423	0.000430786	4.31714e-06	0.129209	2.62e-05	3.45371e-05	0.0958727	80.88
4	192	80.7692	16.1572	0.000149423	0.000430786	4.31714e-06	0.129209	2.62e-05	3.45371e-05	0.0958727	80.88
4	192	80.7692	16.1572	0.000149423	0.000430786	4.31714e-06	0.129209	2.62e-05	3.45371e-05	0.0958727	80.88
5	192	70.9601	18.6441	0.000154049	0.000440366	3.72571e-06	0.140431	2.72629e-05	3.52771e-05	0.151959	71.07
5	192	70.9601	18.6441	0.000154049	0.000440366	3.72571e-06	0.140431	2.72629e-05	3.52771e-05	0.151959	71.07
5	192	70.9601	18.6441	0.000154049	0.000440366	3.72571e-06	0.140431	2.72629e-05	3.52771e-05	0.151959	71.07
5	192	70.9518	18.6441	0.000154171	0.000440986	3.71714e-06	0.140312	2.72829e-05	3.53057e-05	0.151894	71.07
5	192	70.9518	18.6441	0.000154171	0.000440986	3.71714e-06	0.140312	2.72829e-05	3.53057e-05	0.151894	71.07
5	192	70.9518	18.6441	0.000154171	0.000440986	3.71714e-06	0.140312	2.72829e-05	3.53057e-05	0.151894	71.07
5	192	70.9631	18.6441	0.000154051	0.000440631	3.74286e-06	0.140488	2.72657e-05	3.52971e-05	0.151983	71.08
5	192	70.9631	18.6441	0.000154051	0.000440631	3.74286e-06	0.140488	2.72657e-05	3.52971e-05	0.151983	71.08
5	192	70.9631	18.6441	0.000154051	0.000440631	3.74286e-06	0.140488	2.72657e-05	3.52971e-05	0.151983	71.08
5	192	70.9631	18.6441	0.000154051	0.000440631	3.74286e-06	0.140488	2.72657e-05	3.52971e-05	0.151983	71.08
6	192	63.5313	22.2672	0.0001579	0.000449931	3.68286e-06	0.150474	2.84086e-05	3.60714e-05	0.169965	63.67
6	192	63.5313	22.2672	0.0001579	0.000449931	3.68286e-06	0.150474	2.84086e-05	3.60714e-05	0.169965	63.67
6	192	63.5313	22.2672	0.0001579	0.000449931	3.68286e-06	0.150474	2.84086e-05	3.60714e-05	0.169965	63.67
6	192	63.5322	22.2672	0.000158077	0.000449586	3.63143e-06	0.15048	2.84457e-05	3.59771e-05	0.169978	63.65
6	192	63.5322	22.2672	0.000158077	0.000449586	3.63143e-06	0.15048	2.84457e-05	3.59771e-05	0.169978	63.65
6	192	63.5322	22.2672	0.000158077	0.000449586	3.63143e-06	0.15048	2.84457e-05	3.59771e-05	0.169978	63.65
6	192	60.2333	22.2672	0.0001581	0.000449923	3.49143e-06	0.151372	2.856e-05	3.60886e-05	0.166361	60.35
6	192	60.2333	22.2672	0.0001581	0.000449923	3.49143e-06	0.151372	2.856e-05	3.60886e-05	0.166361	60.35
6	192	60.2333	22.2672	0.0001581	0.000449923	3.49143e-06	0.151372	2.856e-05	3.60886e-05	0.166361	60.35
6	192	60.2333	22.2672	0.0001581	0.000449923	3.49143e-06	0.151372	2.856e-05	3.60886e-05	0.166361	60.35
7	192	55.4431	24.1107	0.00016176	0.000466674	2.62857e-06	0.219584	2.91486e-05	3.68429e-05	0.211526	55.59
7	192	55.4431	24.1107	0.00016176	0.000466674	2.62857e-06	0.219584	2.91486e-05	3.68429e-05	0.211526	55.59
7	192	55.4431	24.1107	0.00016176	0.000466674	2.62857e-06	0.219584	2.91486e-05	3.68429e-05	0.211526	55.59
7	192	55.4349	24.1107	0.00016176	0.00046664	2.64571e-06	0.219466	2.92257e-05	3.68143e-05	0.211441	55.55
7	192	55.4349	24.1107	0.00016176	0.00046664	2.64571e-06	0.219466	2.92257e-05	3.68143e-05	0.211441	55.55
7	192	55.4349	24.1107	0.00016176	0.00046664	2.64571e-06	0.219466	2.92257e-05	3.68143e-05	0.211441	55.55
7	192	55.4416	24.1107	0.000161774	0.000467314	2.66286e-06	0.219585	2.91114e-05	3.668e-05	0.211519	55.55
7	192	55.4416	24.1107	0.000161774	0.000467314	2.66286e-06	0.219585	2.91114e-05	3.668e-05	0.211519	55.55
7	192	55.4416	24.1107	0.000161774	0.000467314	2.66286e-06	0.219585	2.91114e-05	3.668e-05	0.211519	55.55
7	192	55.4416	24.1107	0.000161774	0.000467314	2.66286e-06	0.219585	2.91114e-05	3.668e-05	0.211519	55.55
8	192	56.2872	28.6245	0.00016584	0.000478206	2.70857e-06	0.22819	2.77229e-05	3.756e-05	0.251816	56.41
8	192	56.2872	28.6245	0.00016584	0.000478206	2.70857e-06	0.22819	2.77229e-05	3.756e-05	0.251816	56.41
8	192	56.2872	28.6245	0.00016584	0.000478206	2.70857e-06	0.22819	2.77229e-05	3.756e-05	0.251816	56.41
8	192	56.287	28.6245	0.0001655	0.000478789	2.77143e-06	0.22818	2.77886e-05	3.76114e-05	0.251805	56.41
8	192	56.287	28.6245	0.0001655	0.000478789	2.77143e-06	0.22818	2.77886e-05	3.76114e-05	0.251805	56.41
8	192	56.287	28.6245	0.0001655	0.000478789	2.77143e-06	0.22818	2.77886e-05	3.76114e-05	0.251805	56.41
8	192	56.2867	28.6245	0.000165769	0.000478503	2.76857e-06	0.228193	2.77057e-05	3.75829e-05	0.25181	56.40
8	192	56.2867	28.6245	0.000165769	0.000478503	2.76857e-06	0.228193	2.77057e-05	3.75829e-05	0.25181	56.40
8	192	56.2867	28.6245	0.000165769	0.000478503	2.76857e-06	0.228193	2.77057e-05	3.75829e-05	0.25181	56.40
8	192	56.2867	28.6245	0.000165769	0.000478503	2.76857e-06	0.228193	2.77057e-05	3.75829e-05	0.25181	56.40
9	192	56.5582	35.1351	0.000175097	0.000508931	4.32286e-06	0.237572	3.05486e-05	3.94857e-05	0.328987	56.68
9	192	56.5582	35.1351	0.000175097	0.000508931	4.32286e-06	0.237572	3.05486e-05	3.94857e-05	0.328987	56.68
9	192	56.5582	35.1351	0.000175097	0.000508931	4.32286e-06	0.237572	3.05486e-05	3.94857e-05	0.328987	56.68
9	192	56.5684	35.1351	0.000174809	0.000509151	4.36286e-06	0.237746	3.04971e-05	3.98e-05	0.329189	56.69
9	192	56.5684	35.1351	0.000174809	0.000509151	4.36286e-06	0.237746	3.04971e-05	3.98e-05	0.329189	56.69
9	192	56.5684	35.1351	0.000174809	0.000509151	4.36286e-06	0.237746	3.04971e-05	3.98e-05	0.329189	56.69
9	192	56.5572	35.1351	0.000175054	0.000508963	4.27714e-06	0.237546	3.058e-05	3.97886e-05	0.328967	56.68
9	192	56.5572	35.1351	0.000175054	0.000508963	4.27714e-06	0.237546	3.058e-05	3.97886e-05	0.328967	56.68
9	192	56.5572	35.1351	0.000175054	0.000508963	4.27714e-06	0.237546	3.058e-05	3.97886e-05	0.328967	56.68
9	192	56.5572	35.1351	0.000175054	0.000508963	4.27714e-06	0.237546	3.058e-05	3.97886e-05	0.328967	56.68
10	192	51.6609	35.1351	0.000184811	0.00053118	2.74286e-06	0.321553	3.11e-05	4.13714e-05	0.312252	51.82
10	192	51.6609	35.1351	0.000184811	0.00053118	2.74286e-06	0.321553	3.11e-05	4.13714e-05	0.312252	51.82
10	192	51.6609	35.1351	0.000184811	0.00053118	2.74286e-06	0.321553	3.11e-05	4.13714e-05	0.312252	51.82
10	192	51.6617	35.1351	0.000184946	0.0005317	2.66286e-06	0.3855	3.07971e-05	4.138e-05	0.312262	51.79
10	192	51.6617	35.1351	0.000184946	0.0005317	2.66286e-06	0.3855	3.07971e-05	4.138e-05	0.312262	51.79
10	192	51.6617	35.1351	0.000184946	0.0005317	2.66286e-06	0.3855	3.07971e-05	4.138e-05	0.312262	51.79
10	192	51.6603	35.1351	0.000185231	0.00053148	2.69143e-06	0.385414	3.098e-05	4.144e-05	0.312295	51.78
10	192	51.6603	35.1351	0.000185231	0.00053148	2.69143e-06	0.385414	3.098e-05	4.144e-05	0.312295	51.78
10	192	51.6603	35.1351	0.000185231	0.00053148	2.69143e-06	0.385414	3.098e-05	4.144e-05	0.312295	51.78
10	192	51.6603	35.1351	0.000185231	0.00053148	2.69143e-06	0.385414	3.098e-05	4.144e-05	0.312295	51.78
11	192	48.8841	38.2637	0.000193089	0.000559314	3.38857e-06	0.398363	3.20857e-05	4.31829e-05	0.322425	49.04
11	192	48.8841	38.2637	0.000193089	0.000559314	3.38857e-06	0.398363	3.20857e-05	4.31829e-05	0.322425	49.04
11	192	48.8841	38.2637	0.000193089	0.000559314	3.38857e-06	0.398363	3.20857e-05	4.31829e-05	0.322425	49.04
11	192	48.8815	38.2637	0.000192306	0.000558446	3.39714e-06	0.398305	3.19743e-05	4.258e-05	0.322334	49.00
11	192	48.8815	38.2637	0.000192306	0.000558446	3.39714e-06	0.398305	3.19743e-05	4.258e-05	0.322334	49.00
11	192	48.8815	38.2637	0.000192306	0.000558446	3.39714e-06	0.398305	3.19743e-05	4.258e-05	0.322334	49.00
11	192	48.8929	38.2637	0.000193574	0.000559206	3.39429e-06	0.398578	3.20857e-05	4.28486e-05	0.322636	49.01
11	192	48.8929	38.2637	0.000193574	0.000559206	3.39429e-06	0.398578	3.20857e-05	4.28486e-05	0.322636	49.01
11	192	48.8929	38.2637	0.000193574	0.000559206	3.39429e-06	0.398578	3.20857e-05	4.28486e-05	0.322636	49.01
11	192	48.8929	38.2637	0.000193574	0.000559206	3.39429e-06	0.398578	3.20857e-05	4.28486e-05	0.322636	49.01
12	192	54.3069	42.1687	0.00020044	0.00058854	3.72857e-06	0.310144	3.28914e-05	4.514e-05	0.320668	54.48
12	192	54.3069	42.1687	0.00020044	0.00058854	3.72857e-06	0.310144	3.28914e-05	4.514e-05	0.320668	54.48
12	192	54.3069	42.1687	0.00020044	0.00058854	3.72857e-06	0.310144	3.28914e-05	4.514e-05	0.320668	54.48
12	192	52.7619	42.1687	0.000200906	0.000580454	4.11429e-06	0.314003	3.374e-05	4.45771e-05	0.333874	52.89
12	192	52.7619	42.1687	0.000200906	0.000580454	4.11429e-06	0.314003	3.374e-05	4.45771e-05	0.333874	52.89
12	192	52.7619	42.1687	0.000200906	0.000580454	4.11429e-06	0.314003	3.374e-05	4.45771e-05	0.333874	52.89
12	192	52.7608	42.1687	0.000200557	0.000580114	4.00857e-06	0.313932	3.37914e-05	4.44229e-05	0.333831	52.88
12	192	52.7608	42.1687	0.000200557	0.000580114	4.00857e-06	0.313932	3.37914e-05	4.44229e-05	0.333831	52.88
12	192	52.7608	42.1687	0.000200557	0.000580114	4.00857e-06	0.313932	3.37914e-05	4.44229e-05	0.333831	52.88
12	192	52.7608	42.1687	0.000200557	0.000580114	4.00857e-06	0.313932	3.37914e-05	4.44229e-05	0.333831	52.88
