N_THREADS	N_TRANSACTIONS	TIME	N_ABORTS	PROCESS_READ_TIME	PROCESS_WRITE_TIME	PROCESS_VALIDATION_TIME	PROCESS_OTHER_TIME	COMMIT_VALIDATION_TIME	COMMIT_OTHER_TIME	WASTED_TIME
1	192	0.896525	0	1.95114e-05	1.39257e-05	0	0.00460252	4.05714e-07	5.18286e-06	2.48571e-06
1	192	0.896695	0	1.95286e-05	1.39514e-05	0	0.00460336	4.11429e-07	5.19714e-06	2.48857e-06
1	192	0.896747	0	1.95171e-05	1.398e-05	0	0.00460361	4.08571e-07	5.16857e-06	2.50571e-06
1	192	0.8968	0	1.95343e-05	1.39486e-05	0	0.00460388	4.08571e-07	5.2e-06	2.48e-06
1	192	0.896982	0	1.95229e-05	1.39257e-05	0	0.00460489	4.02857e-07	5.19143e-06	2.49714e-06
1	192	0.896701	0	1.94886e-05	1.396e-05	0	0.00460341	4.02857e-07	5.19429e-06	2.48e-06
1	192	0.896607	0	1.95229e-05	1.39657e-05	0	0.00460284	4.08571e-07	5.19714e-06	2.49429e-06
1	192	0.89675	0	1.95371e-05	1.39371e-05	0	0.00460367	4.11429e-07	5.19143e-06	2.47714e-06
1	192	0.89681	0	1.95371e-05	1.39457e-05	0	0.00460391	4.14286e-07	5.18857e-06	2.5e-06
1	192	0.896593	0	1.94943e-05	1.39543e-05	0	0.00460287	4.11429e-07	5.19143e-06	2.47714e-06
2	192	0.493627	3.51759	2.03971e-05	1.50257e-05	6.85714e-08	0.00436371	1.52e-06	5.40857e-06	0.00068882
2	192	0.493648	3.51759	2.04086e-05	1.50114e-05	6.57143e-08	0.00436382	1.51429e-06	5.41429e-06	0.000688814
2	192	0.493645	3.0303	2.03943e-05	1.49914e-05	6.57143e-08	0.00436401	1.52e-06	5.42e-06	0.000688583
2	192	0.492937	3.0303	2.04429e-05	1.50686e-05	7.14286e-08	0.00435631	1.54e-06	5.44e-06	0.000688717
2	192	0.493601	3.51759	2.036e-05	1.50486e-05	6.57143e-08	0.00436332	1.50857e-06	5.40857e-06	0.00068896
2	192	0.493702	3.0303	2.04e-05	1.50371e-05	6.57143e-08	0.00436445	1.50857e-06	5.40571e-06	0.000688817
2	192	0.493645	3.0303	2.03829e-05	1.50057e-05	6.57143e-08	0.00436388	1.51143e-06	5.42286e-06	0.000688743
2	192	0.493526	3.51759	2.03971e-05	1.50371e-05	6.85714e-08	0.00436275	1.51714e-06	5.4e-06	0.00068862
2	192	0.492843	3.0303	2.04171e-05	1.50314e-05	6.85714e-08	0.00435566	1.53429e-06	5.42857e-06	0.000688549
2	192	0.493645	4	2.03857e-05	1.50086e-05	6.57143e-08	0.00436365	1.54857e-06	5.42e-06	0.000688923
3	192	0.352355	6.79612	2.07229e-05	1.49371e-05	2.28571e-08	0.00407166	1.76571e-06	5.51143e-06	0.00131385
3	192	0.352323	7.69231	2.07314e-05	1.49457e-05	2.28571e-08	0.00407103	1.75429e-06	5.50857e-06	0.00131387
3	192	0.352388	6.79612	2.07086e-05	1.492e-05	2.57143e-08	0.0040734	1.75429e-06	5.52e-06	0.00131258
3	192	0.352286	7.24638	2.06971e-05	1.49114e-05	2.57143e-08	0.004072	1.75714e-06	5.48e-06	0.00131231
3	192	0.352351	8.13397	2.07457e-05	1.49286e-05	2.57143e-08	0.00407227	1.76571e-06	5.48571e-06	0.00131299
3	192	0.352394	8.13397	2.07286e-05	1.49343e-05	2.28571e-08	0.00407155	1.76e-06	5.48571e-06	0.00131417
3	192	0.352316	7.24638	2.06571e-05	1.49257e-05	2.57143e-08	0.00407217	1.74e-06	5.52e-06	0.0013128
3	192	0.352288	7.69231	2.06971e-05	1.49229e-05	2.28571e-08	0.00407175	1.75714e-06	5.52571e-06	0.00131259
3	192	0.352278	7.24638	2.07029e-05	1.49429e-05	2.57143e-08	0.00407165	1.76e-06	5.50571e-06	0.00131247
3	192	0.352354	7.69231	2.07314e-05	1.49286e-05	2.28571e-08	0.00407185	1.76857e-06	5.50286e-06	0.00131348
4	192	0.302746	11.1111	2.23371e-05	1.676e-05	8.57143e-09	0.00363355	1.94857e-06	5.87429e-06	0.00249911
4	192	0.30274	11.1111	2.23171e-05	1.67657e-05	8.57143e-09	0.0036339	1.95143e-06	5.88286e-06	0.0024989
4	192	0.302769	11.1111	2.23686e-05	1.672e-05	8.57143e-09	0.00363388	1.95714e-06	5.91143e-06	0.00249953
4	192	0.30264	11.1111	2.24286e-05	1.66886e-05	8.57143e-09	0.0036336	1.94857e-06	5.86571e-06	0.00249741
4	192	0.302812	12.7273	2.23943e-05	1.67457e-05	8.57143e-09	0.00363403	1.96571e-06	5.91714e-06	0.00250044
4	192	0.302636	11.1111	2.22943e-05	1.67314e-05	8.57143e-09	0.00363281	1.97143e-06	5.87429e-06	0.0024978
4	192	0.302646	11.1111	2.23286e-05	1.67857e-05	8.57143e-09	0.00363328	1.97429e-06	5.86857e-06	0.00249789
4	192	0.302755	11.1111	2.24229e-05	1.67686e-05	8.57143e-09	0.00363381	1.96e-06	5.90571e-06	0.00249919
4	192	0.302801	11.9266	2.23429e-05	1.67771e-05	8.57143e-09	0.00363432	1.94286e-06	5.94571e-06	0.00249994
4	192	0.302822	11.5207	2.23629e-05	1.67486e-05	8.57143e-09	0.00363473	1.94571e-06	5.85143e-06	0.00250022
5	192	0.249814	15.4185	2.368e-05	1.74286e-05	1.05714e-07	0.00376341	2.37429e-06	6.19714e-06	0.00252907
5	192	0.249793	15.0442	2.366e-05	1.74886e-05	1.05714e-07	0.00376357	2.40571e-06	6.23143e-06	0.00252904
5	192	0.249763	15.0442	2.36971e-05	1.74914e-05	1.05714e-07	0.00376315	2.34857e-06	6.16571e-06	0.00252877
5	192	0.249829	15.0442	2.366e-05	1.746e-05	1.02857e-07	0.00376402	2.30857e-06	6.20286e-06	0.0025291
5	192	0.249782	15.0442	2.36514e-05	1.74914e-05	1.02857e-07	0.00376378	2.35429e-06	6.18857e-06	0.00252858
5	192	0.24981	14.6667	2.36171e-05	1.73857e-05	1.05714e-07	0.00376384	2.39429e-06	6.19429e-06	0.00252945
5	192	0.249744	14.6667	2.35943e-05	1.74486e-05	1.05714e-07	0.00376275	2.3e-06	6.16857e-06	0.00252843
5	192	0.249676	13.9013	2.35543e-05	1.74143e-05	1.08571e-07	0.00376236	2.33143e-06	6.14e-06	0.00252839
5	192	0.249749	14.6667	2.358e-05	1.74486e-05	1.05714e-07	0.00376315	2.35714e-06	6.17714e-06	0.0025289
5	192	0.249779	15.0442	2.37314e-05	1.746e-05	1.11429e-07	0.00376344	2.35714e-06	6.17143e-06	0.00252889
6	192	0.240162	14.6667	2.37429e-05	1.66314e-05	2.82857e-07	0.00467791	2.23143e-06	6.11714e-06	0.00244211
6	192	0.24026	15.0442	2.38429e-05	1.64714e-05	2.91429e-07	0.00467976	2.22857e-06	6.26e-06	0.00244128
6	192	0.240282	16.1572	2.38e-05	1.66371e-05	2.82857e-07	0.00468076	2.22e-06	6.24e-06	0.0024409
6	192	0.240172	14.6667	2.38829e-05	1.65943e-05	2.82857e-07	0.0046799	2.25143e-06	6.25429e-06	0.00244041
6	192	0.240267	15.0442	2.38971e-05	1.648e-05	2.85714e-07	0.00468002	2.24857e-06	6.20857e-06	0.00244191
6	192	0.240161	15.0442	2.38571e-05	1.65857e-05	2.91429e-07	0.00467944	2.22857e-06	6.2e-06	0.0024396
6	192	0.240252	15.0442	2.38943e-05	1.65429e-05	2.91429e-07	0.00467971	2.22857e-06	6.20286e-06	0.00244099
6	192	0.240301	15.4185	2.38971e-05	1.668e-05	2.85714e-07	0.00468005	2.22e-06	6.18857e-06	0.00244122
6	192	0.240445	16.5217	2.40886e-05	1.64343e-05	2.82857e-07	0.00468132	2.22e-06	6.20286e-06	0.00244469
6	192	0.240343	16.5217	2.39343e-05	1.65543e-05	2.88571e-07	0.00467934	2.22571e-06	6.28857e-06	0.0024438
7	192	0.224586	20.332	2.622e-05	1.81714e-05	1e-07	0.00443146	2.26857e-06	6.80286e-06	0.00345093
7	192	0.224557	20.332	2.62829e-05	1.82714e-05	9.42857e-08	0.00443024	2.3e-06	6.80857e-06	0.00345063
7	192	0.224417	20.332	2.62e-05	1.84514e-05	1.14286e-07	0.00442609	2.21429e-06	6.88e-06	0.00344923
7	192	0.224535	20	2.60771e-05	1.82457e-05	1.02857e-07	0.00443119	2.25714e-06	6.71143e-06	0.00344957
7	192	0.224624	20.332	2.63829e-05	1.82343e-05	1e-07	0.00443122	2.25429e-06	6.70857e-06	0.00345087
7	192	0.224592	20.332	2.62057e-05	1.80771e-05	9.42857e-08	0.00443119	2.25429e-06	6.81143e-06	0.00345117
7	192	0.224394	21.6327	2.622e-05	1.83686e-05	1.02857e-07	0.00442549	2.32286e-06	6.86857e-06	0.00344919
7	192	0.224437	20.332	2.62829e-05	1.84743e-05	1.05714e-07	0.00442759	2.24286e-06	6.7e-06	0.00344901
7	192	0.22469	21.3115	2.62429e-05	1.82714e-05	9.42857e-08	0.00443293	2.29429e-06	6.74571e-06	0.0034519
7	192	0.224457	20.9877	2.62629e-05	1.84657e-05	9.42857e-08	0.00442725	2.25714e-06	6.82571e-06	0.00344903
8	192	0.218691	24.7059	2.90771e-05	2.08457e-05	7.71429e-08	0.00416751	2.50571e-06	7.31143e-06	0.00453155
8	192	0.210418	24.4094	2.91286e-05	2.05343e-05	1.02857e-07	0.00415427	2.50857e-06	7.42286e-06	0.00428334
8	192	0.221536	24.4094	2.86914e-05	2.07686e-05	7.42857e-08	0.00415109	2.61429e-06	7.20857e-06	0.00465823
8	192	0.21035	24.4094	2.90857e-05	2.05771e-05	8.85714e-08	0.00415412	2.55143e-06	7.47714e-06	0.00428223
8	192	0.210375	23.506	2.90914e-05	2.06629e-05	1.02857e-07	0.00415433	2.60286e-06	7.41429e-06	0.00428276
8	192	0.218831	24.1107	2.90029e-05	2.064e-05	7.71429e-08	0.00417082	2.48286e-06	7.29429e-06	0.00453318
8	192	0.209066	24.4094	2.896e-05	2.04714e-05	1.02857e-07	0.00408872	2.62857e-06	7.37714e-06	0.00428369
8	192	0.22179	24.4094	2.87686e-05	2.092e-05	6.85714e-08	0.00415879	2.51429e-06	7.2e-06	0.00466391
8	192	0.210456	25.2918	2.92914e-05	2.062e-05	1e-07	0.00415599	2.59429e-06	7.37429e-06	0.00428455
8	192	0.218821	25.2918	2.91371e-05	2.05143e-05	8e-08	0.0041703	2.56571e-06	7.39143e-06	0.00453309
9	192	0.219048	26.1538	3.164e-05	2.21771e-05	7.14286e-08	0.00456442	2.68286e-06	8.01714e-06	0.00517129
9	192	0.218921	27.2727	3.14114e-05	2.21086e-05	7.14286e-08	0.00456733	2.78571e-06	7.98857e-06	0.00516934
9	192	0.218998	26.4368	3.19686e-05	2.22229e-05	8e-08	0.00456588	2.71429e-06	7.86286e-06	0.00517048
9	192	0.23306	28.3582	3.07114e-05	2.15514e-05	6.85714e-08	0.00468465	2.66857e-06	7.73714e-06	0.0053271
9	192	0.218807	27.5472	3.16857e-05	2.218e-05	7.14286e-08	0.00455857	2.75429e-06	7.98857e-06	0.00516525
9	192	0.218913	27.8195	3.13086e-05	2.20343e-05	7.14286e-08	0.00455809	2.70857e-06	7.98857e-06	0.00516221
9	192	0.218974	27.8195	3.15143e-05	2.21914e-05	7.42857e-08	0.00456216	2.75143e-06	7.98286e-06	0.00517048
9	192	0.218885	27.2727	3.16543e-05	2.23829e-05	7.14286e-08	0.00456327	2.78e-06	7.90571e-06	0.00516737
9	192	0.219103	27.2727	3.17486e-05	2.18857e-05	7.14286e-08	0.00456949	2.70571e-06	7.85429e-06	0.00517417
9	192	0.219077	26.9962	3.17e-05	2.20086e-05	7.42857e-08	0.0045626	2.67143e-06	7.92286e-06	0.00517377
10	192	0.184717	30.4348	3.52114e-05	2.374e-05	3.68571e-07	0.00437892	2.93429e-06	8.64e-06	0.00481476
10	192	0.186796	30.6859	3.45857e-05	2.30943e-05	3.37143e-07	0.00432038	2.89714e-06	8.61429e-06	0.00498266
10	192	0.184661	31.1828	3.48714e-05	2.40057e-05	3.91429e-07	0.00437784	2.94857e-06	8.74857e-06	0.00481584
10	192	0.186532	30.1818	3.52714e-05	2.33971e-05	3.82857e-07	0.00437108	2.87429e-06	8.76286e-06	0.00491212
10	192	0.186813	31.4286	3.48286e-05	2.336e-05	3.51429e-07	0.00432357	2.87429e-06	8.73143e-06	0.00498331
10	192	0.186514	30.6859	3.48914e-05	2.35857e-05	3.74286e-07	0.00437014	2.89714e-06	8.56286e-06	0.0049151
10	192	0.18685	30.1818	3.51714e-05	2.34229e-05	3.51429e-07	0.00432534	2.77143e-06	8.64571e-06	0.00497915
10	192	0.186653	30.4348	3.50886e-05	2.36429e-05	3.77143e-07	0.00437555	2.94e-06	8.75714e-06	0.00491445
10	192	0.186928	30.9353	3.49543e-05	2.32686e-05	3.28571e-07	0.00432536	2.94857e-06	8.53714e-06	0.00498319
10	192	0.186893	30.9353	3.51429e-05	2.33743e-05	3.77143e-07	0.00432479	2.95429e-06	8.66286e-06	0.00498417
11	192	0.218893	35.786	3.64114e-05	2.45257e-05	2.42857e-07	0.00508485	2.76e-06	9.13429e-06	0.00695668
11	192	0.218875	35.1351	3.65229e-05	2.46886e-05	2.37143e-07	0.00508778	2.76857e-06	8.92571e-06	0.00695633
11	192	0.218706	35.1351	3.69171e-05	2.444e-05	2.22857e-07	0.00508342	2.75714e-06	8.96571e-06	0.00695011
11	192	0.21858	33.564	3.654e-05	2.43514e-05	2.02857e-07	0.00508196	2.75143e-06	8.93714e-06	0.00694867
11	192	0.21878	34.6939	3.64514e-05	2.45686e-05	2.17143e-07	0.00508141	2.64286e-06	9.09429e-06	0.00695288
11	192	0.218965	34.471	3.68543e-05	2.46286e-05	2.34286e-07	0.00508769	2.71143e-06	9.17429e-06	0.00695622
11	192	0.218903	34.6939	3.68571e-05	2.47057e-05	2.4e-07	0.00508456	2.83429e-06	9.16857e-06	0.00695411
11	192	0.218734	34.9153	3.69343e-05	2.41514e-05	2.31429e-07	0.00508523	2.77714e-06	9.10857e-06	0.00694799
11	192	0.218706	34.6939	3.70057e-05	2.42571e-05	2.22857e-07	0.00508278	2.72857e-06	9.17429e-06	0.00694907
11	192	0.218571	34.6939	3.68514e-05	2.41829e-05	2.51429e-07	0.00507963	2.60571e-06	8.73714e-06	0.00694784
12	192	0.209699	38.4615	4.08886e-05	2.69914e-05	9.14286e-08	0.00505424	2.77714e-06	1.00286e-05	0.00749445
12	192	0.207741	38.0645	4.04086e-05	2.64057e-05	8e-08	0.00506048	2.84e-06	9.82571e-06	0.00737852
12	192	0.209732	37.8641	4.058e-05	2.65343e-05	1.02857e-07	0.00505275	2.68857e-06	1.00429e-05	0.007495
12	192	0.209887	38.0645	4.08629e-05	2.71229e-05	8.57143e-08	0.00517297	2.82286e-06	1.00429e-05	0.00737647
12	192	0.209912	39.2405	4.13229e-05	2.68686e-05	1.02857e-07	0.0050524	2.84286e-06	1.00057e-05	0.00750473
12	192	0.209699	38.0645	4.04886e-05	2.65829e-05	8.57143e-08	0.00506457	2.82286e-06	9.85429e-06	0.00749377
12	192	0.209881	38.2637	4.06771e-05	2.67371e-05	8.85714e-08	0.00507049	2.72857e-06	9.85143e-06	0.00749825
12	192	0.210098	38.8535	4.13629e-05	2.67486e-05	8.85714e-08	0.00505589	2.82e-06	1.008e-05	0.00750278
12	192	0.210176	39.0476	4.118e-05	2.69314e-05	8.57143e-08	0.00505999	2.76571e-06	1.00371e-05	0.007503
12	192	0.209718	38.2637	4.05743e-05	2.70029e-05	8.85714e-08	0.00506758	2.92857e-06	9.84857e-06	0.00749085
