N_THREADS	N_TRANSACTIONS	TIME	N_ABORTS	PROCESS_READ_TIME	PROCESS_WRITE_TIME	PROCESS_VALIDATION_TIME	PROCESS_OTHER_TIME	COMMIT_VALIDATION_TIME	COMMIT_OTHER_TIME	WASTED_TIME
1	192	0.889117	0	5.99429e-06	1.06057e-05	0	0.00459335	9.42857e-08	2.66286e-06	1.24286e-06	0.96
1	192	0.889082	0	5.98571e-06	1.06057e-05	0	0.0045932	9.42857e-08	2.66571e-06	1.23714e-06	0.94
1	192	0.889114	0	5.98286e-06	1.05943e-05	0	0.00459337	9.42857e-08	2.66857e-06	1.24857e-06	0.93
1	192	0.889089	0	5.98e-06	1.06029e-05	0	0.00459323	9.42857e-08	2.66286e-06	1.24857e-06	0.93
1	192	0.889091	0	5.98857e-06	1.05943e-05	0	0.00459324	9.14286e-08	2.65429e-06	1.24857e-06	0.93
1	192	0.889067	0	5.98e-06	1.06057e-05	0	0.00459311	9.42857e-08	2.66857e-06	1.23429e-06	0.93
1	192	0.889118	0	5.98571e-06	1.06057e-05	0	0.00459337	9.71429e-08	2.66857e-06	1.24571e-06	0.93
1	192	0.889056	0	5.98571e-06	1.05971e-05	0	0.00459306	9.42857e-08	2.66286e-06	1.25143e-06	0.93
1	192	0.889093	0	5.98571e-06	1.05914e-05	0	0.00459325	9.71429e-08	2.67143e-06	1.23429e-06	0.93
1	192	0.889098	0	5.98286e-06	1.06e-05	0	0.00459329	9.42857e-08	2.66286e-06	1.24286e-06	0.93
2	192	0.491332	2.53807	6.78571e-06	1.24286e-05	6.28571e-08	0.00431044	8.97143e-07	2.85714e-06	0.000731326	0.57
2	192	0.491332	2.53807	6.77143e-06	1.23857e-05	6e-08	0.00431019	8.97143e-07	2.84e-06	0.000731149	0.54
2	192	0.491343	2.53807	6.78e-06	1.238e-05	6e-08	0.00431033	8.94286e-07	2.84857e-06	0.000731391	0.54
2	192	0.491304	2.53807	6.78571e-06	1.23914e-05	6e-08	0.0043103	8.97143e-07	2.84857e-06	0.000731289	0.55
2	192	0.491283	2.53807	6.78e-06	1.24029e-05	6.28571e-08	0.00431006	9.02857e-07	2.85714e-06	0.000731289	0.54
2	192	0.49134	2.53807	6.80571e-06	1.24314e-05	6.28571e-08	0.00431056	8.91429e-07	2.86286e-06	0.00073128	0.54
2	192	0.491348	2.53807	6.79143e-06	1.23943e-05	6.28571e-08	0.00431027	8.94286e-07	2.84571e-06	0.000731363	0.54
2	192	0.491333	2.53807	6.79143e-06	1.24171e-05	6.28571e-08	0.00431016	9e-07	2.84857e-06	0.000731363	0.53
2	192	0.491395	2.53807	6.79714e-06	1.24143e-05	6e-08	0.0043106	9.02857e-07	2.84857e-06	0.000731357	0.55
2	192	0.491372	2.53807	6.78286e-06	1.24029e-05	6.28571e-08	0.00431057	9e-07	2.85143e-06	0.000731417	0.55
3	192	0.364963	4.9505	6.64286e-06	1.18886e-05	0	0.00433183	1.09429e-06	2.86857e-06	0.00114667	0.44
3	192	0.364959	4.9505	6.58571e-06	1.18971e-05	0	0.00433212	1.08e-06	2.87143e-06	0.00114669	0.42
3	192	0.36496	4.9505	6.63714e-06	1.18629e-05	0	0.00433197	1.08857e-06	2.82857e-06	0.00114681	0.41
3	192	0.364916	4.9505	6.63143e-06	1.18686e-05	0	0.00433151	1.08571e-06	2.86571e-06	0.00114653	0.42
3	192	0.364934	4.9505	6.66571e-06	1.186e-05	0	0.00433183	1.09143e-06	2.85143e-06	0.00114673	0.42
3	192	0.364942	4.9505	6.62571e-06	1.19114e-05	0	0.00433202	1.08857e-06	2.86e-06	0.00114654	0.42
3	192	0.364914	4.9505	6.62857e-06	1.18829e-05	0	0.00433198	1.08e-06	2.85429e-06	0.00114654	0.42
3	192	0.364946	4.9505	6.61143e-06	1.18943e-05	0	0.004332	1.09429e-06	2.84286e-06	0.0011465	0.42
3	192	0.364956	4.9505	6.63143e-06	1.19e-05	0	0.00433215	1.08571e-06	2.85714e-06	0.00114672	0.41
3	192	0.364951	4.9505	6.62286e-06	1.19086e-05	0	0.00433198	1.09429e-06	2.84857e-06	0.00114665	0.42
4	192	0.295626	4.47761	6.99429e-06	1.25543e-05	2.62857e-07	0.00391709	1.58e-06	2.93714e-06	0.00178321	0.37
4	192	0.295653	4.47761	6.95143e-06	1.24943e-05	2.6e-07	0.00391721	1.57429e-06	2.96857e-06	0.00178341	0.34
4	192	0.295627	4.47761	6.96e-06	1.25629e-05	2.68571e-07	0.00391696	1.57714e-06	2.96857e-06	0.00178345	0.35
4	192	0.29563	4.47761	7e-06	1.252e-05	2.62857e-07	0.00391667	1.58e-06	2.96286e-06	0.00178316	0.35
4	192	0.295632	4.47761	6.96857e-06	1.25143e-05	2.62857e-07	0.00391754	1.58286e-06	2.92286e-06	0.00178313	0.34
4	192	0.295688	4.47761	6.98857e-06	1.26171e-05	2.68571e-07	0.00391759	1.59143e-06	2.92286e-06	0.00178352	0.34
4	192	0.295676	4.47761	7e-06	1.25286e-05	2.62857e-07	0.00391758	1.57714e-06	2.94857e-06	0.00178371	0.34
4	192	0.295599	4.47761	6.97429e-06	1.25057e-05	2.6e-07	0.00391731	1.58286e-06	2.91143e-06	0.00178311	0.35
4	192	0.29567	4.47761	6.99143e-06	1.24971e-05	2.68571e-07	0.00391721	1.58e-06	2.94571e-06	0.00178365	0.35
4	192	0.295661	4.47761	6.93429e-06	1.258e-05	2.62857e-07	0.00391777	1.57429e-06	2.94857e-06	0.00178355	0.34
5	192	0.245363	7.69231	7.05429e-06	1.27286e-05	3.28571e-07	0.00358897	1.54857e-06	3.00571e-06	0.00248904	0.33
5	192	0.245374	7.69231	7.13714e-06	1.274e-05	3.28571e-07	0.00358902	1.56857e-06	2.96e-06	0.00248929	0.30
5	192	0.245306	7.69231	7.14857e-06	1.27457e-05	3.37143e-07	0.00358837	1.54286e-06	3.00857e-06	0.00248865	0.30
5	192	0.24542	7.69231	7.14571e-06	1.26771e-05	3.31429e-07	0.00358947	1.54857e-06	2.99714e-06	0.00248943	0.29
5	192	0.24532	7.69231	7.09429e-06	1.27914e-05	3.22857e-07	0.00358838	1.56e-06	3.00857e-06	0.00248901	0.29
5	192	0.245413	7.69231	7.16286e-06	1.27171e-05	3.28571e-07	0.00358924	1.56e-06	2.98286e-06	0.00248971	0.29
5	192	0.245292	7.69231	7.09429e-06	1.27086e-05	3.31429e-07	0.00358879	1.52857e-06	2.99714e-06	0.00248905	0.29
5	192	0.245376	7.69231	7.13429e-06	1.26086e-05	3.25714e-07	0.00358987	1.53429e-06	2.99143e-06	0.00248917	0.29
5	192	0.245309	7.69231	7.09143e-06	1.27429e-05	3.25714e-07	0.00358891	1.54857e-06	2.94286e-06	0.0024889	0.29
5	192	0.245373	7.69231	7.15429e-06	1.27029e-05	3.34286e-07	0.00358834	1.54571e-06	3.01714e-06	0.00248892	0.29
6	192	0.280917	12.7273	7.20571e-06	1.29057e-05	3.31429e-07	0.00416415	1.55714e-06	3.1e-06	0.00383343	0.36
6	192	0.282721	11.5207	8.07143e-06	1.43714e-05	2.31429e-07	0.00420873	1.70857e-06	3.32e-06	0.00377889	0.33
6	192	0.282788	11.9266	7.96e-06	1.422e-05	2.34286e-07	0.0041921	1.73714e-06	3.26857e-06	0.00380729	0.34
6	192	0.282596	11.5207	8.00286e-06	1.47086e-05	2.31429e-07	0.00419145	1.76857e-06	3.28857e-06	0.00377745	0.33
6	192	0.282806	11.5207	7.90286e-06	1.44857e-05	2.31429e-07	0.00419741	1.69429e-06	3.26857e-06	0.00378456	0.34
6	192	0.284637	11.9266	7.48857e-06	1.36971e-05	2.42857e-07	0.00410288	1.79714e-06	3.15714e-06	0.00394398	0.34
6	192	0.284419	11.9266	7.53429e-06	1.36571e-05	2.31429e-07	0.0041021	1.76286e-06	3.16571e-06	0.00394248	0.34
6	192	0.284374	11.5207	7.58286e-06	1.36914e-05	2.34286e-07	0.00419098	1.74286e-06	3.13143e-06	0.00382368	0.33
6	192	0.282698	11.5207	8.01143e-06	1.45114e-05	2.4e-07	0.00419169	1.75143e-06	3.3e-06	0.00377851	0.33
6	192	0.282818	11.5207	7.95429e-06	1.434e-05	2.34286e-07	0.00419821	1.70857e-06	3.25143e-06	0.0037833	0.33
7	192	0.225005	10.6977	7.94e-06	1.46457e-05	1.4e-07	0.00402106	1.72571e-06	3.34857e-06	0.00364548	0.31
7	192	0.224969	10.6977	7.99429e-06	1.46029e-05	1.28571e-07	0.00402047	1.74571e-06	3.34571e-06	0.00364421	0.28
7	192	0.224905	10.6977	7.95429e-06	1.45771e-05	1.34286e-07	0.0040202	1.70571e-06	3.33714e-06	0.00364406	0.27
7	192	0.225029	10.6977	7.89714e-06	1.46657e-05	1.48571e-07	0.00402195	1.71429e-06	3.34857e-06	0.00364527	0.27
7	192	0.224957	10.6977	8.02286e-06	1.46029e-05	1.28571e-07	0.00402065	1.72571e-06	3.36286e-06	0.00364601	0.28
7	192	0.224953	10.6977	7.98286e-06	1.45857e-05	1.31429e-07	0.00402031	1.73714e-06	3.34857e-06	0.00364421	0.28
7	192	0.224874	10.6977	7.93714e-06	1.46343e-05	1.28571e-07	0.004019	1.73143e-06	3.39143e-06	0.0036441	0.28
7	192	0.224969	10.6977	7.96857e-06	1.45971e-05	1.28571e-07	0.00402016	1.73143e-06	3.35429e-06	0.00364589	0.27
7	192	0.225016	10.6977	7.99143e-06	1.46314e-05	1.22857e-07	0.00402182	1.71714e-06	3.35714e-06	0.00364572	0.27
7	192	0.224935	10.6977	7.98286e-06	1.46371e-05	1.31429e-07	0.00401994	1.72e-06	3.42571e-06	0.00364449	0.28
8	192	0.261972	9.43396	6.57143e-06	1.17029e-05	1.02857e-07	0.00577045	1.23714e-06	3.05429e-06	0.00385261	0.33
8	192	0.262039	9.43396	6.60571e-06	1.18371e-05	9.71429e-08	0.00577039	1.24e-06	3.06e-06	0.00385343	0.31
8	192	0.262123	9.43396	6.52571e-06	1.18114e-05	1.02857e-07	0.00577145	1.22857e-06	3.05143e-06	0.00385466	0.31
8	192	0.262045	9.43396	6.50857e-06	1.18771e-05	1.08571e-07	0.00577083	1.26571e-06	3.05714e-06	0.00385233	0.31
8	192	0.262104	9.43396	6.53143e-06	1.19057e-05	9.71429e-08	0.00577084	1.28e-06	3.04286e-06	0.00385356	0.31
8	192	0.262016	9.43396	6.59429e-06	1.17771e-05	1e-07	0.00577088	1.27429e-06	3.00286e-06	0.00385268	0.31
8	192	0.262087	9.43396	6.49429e-06	1.18029e-05	9.71429e-08	0.00577142	1.25143e-06	3.06857e-06	0.00385294	0.31
8	192	0.262026	9.43396	6.49429e-06	1.18057e-05	1.17143e-07	0.00576991	1.26e-06	2.95429e-06	0.0038528	0.31
8	192	0.261967	9.43396	6.46286e-06	1.17229e-05	1.02857e-07	0.00577211	1.27143e-06	3.05429e-06	0.00385225	0.31
8	192	0.262009	9.43396	6.57143e-06	1.16571e-05	1.02857e-07	0.00577071	1.24286e-06	3e-06	0.00385348	0.31
9	192	0.231831	13.9013	8.11143e-06	1.47057e-05	2.02857e-07	0.00506881	1.87714e-06	3.46e-06	0.00502181	0.30
9	192	0.231751	13.9013	8.01429e-06	1.47857e-05	1.94286e-07	0.00506772	1.9e-06	3.43714e-06	0.00501923	0.28
9	192	0.231719	13.9013	8.12286e-06	1.47257e-05	2.02857e-07	0.00506655	1.92e-06	3.48857e-06	0.00502138	0.28
9	192	0.231944	13.9013	8.10286e-06	1.48971e-05	2.08571e-07	0.00506867	1.87143e-06	3.42286e-06	0.00502138	0.28
9	192	0.231809	13.9013	8.09429e-06	1.47857e-05	2.02857e-07	0.00506797	1.89714e-06	3.52e-06	0.00501951	0.28
9	192	0.231841	13.9013	8.09143e-06	1.47371e-05	1.94286e-07	0.0050672	1.91714e-06	3.48e-06	0.00502068	0.28
9	192	0.231814	13.9013	8.07714e-06	1.47629e-05	2.02857e-07	0.00506682	1.93143e-06	3.44286e-06	0.00502076	0.28
9	192	0.232005	13.9013	8.14e-06	1.48514e-05	2.02857e-07	0.00506931	1.89429e-06	3.44286e-06	0.00502229	0.28
9	192	0.231734	13.9013	8.03429e-06	1.48829e-05	2e-07	0.00506516	1.90286e-06	3.42e-06	0.00501894	0.28
9	192	0.231711	13.9013	8.07143e-06	1.47429e-05	1.97143e-07	0.00506602	1.89714e-06	3.41714e-06	0.00501858	0.28
10	192	0.237192	15.4185	8.72286e-06	1.62229e-05	7.14286e-08	0.00500251	2.02857e-06	3.69714e-06	0.00652156	0.31
10	192	0.237397	15.4185	8.96571e-06	1.63543e-05	6.57143e-08	0.00502076	2.03143e-06	3.68e-06	0.0065192	0.29
10	192	0.235586	15.4185	8.80857e-06	1.62343e-05	6.28571e-08	0.00501251	2.01143e-06	3.75714e-06	0.00651924	0.29
10	192	0.237147	15.0442	8.59143e-06	1.61143e-05	6e-08	0.00509091	2e-06	3.66571e-06	0.00642179	0.29
10	192	0.235717	15.4185	8.92e-06	1.60286e-05	6.57143e-08	0.00500513	2.06571e-06	3.82286e-06	0.00652216	0.29
10	192	0.237325	15.4185	8.83429e-06	1.62e-05	6.28571e-08	0.00500677	2.04857e-06	3.68857e-06	0.00652439	0.29
10	192	0.235451	15.4185	8.79429e-06	1.63086e-05	7.42857e-08	0.00501024	1.99714e-06	3.71143e-06	0.00651688	0.29
10	192	0.23711	15.4185	8.8e-06	1.60771e-05	6.28571e-08	0.0050214	2.04e-06	3.75429e-06	0.00650754	0.29
10	192	0.235319	15.4185	8.76286e-06	1.60114e-05	6.85714e-08	0.00500967	2.11429e-06	3.70571e-06	0.00651183	0.29
10	192	0.237226	15.4185	8.74857e-06	1.61571e-05	6.57143e-08	0.00500409	2.01429e-06	3.72e-06	0.00652282	0.29
11	192	0.184625	10.6977	9.52286e-06	1.75057e-05	2.02857e-07	0.00497204	2.03429e-06	4.04e-06	0.00424095	0.26
11	192	0.183273	10.2804	9.76571e-06	1.74943e-05	3e-07	0.00502047	2.08e-06	3.99429e-06	0.00407984	0.24
11	192	0.184638	10.6977	9.66e-06	1.72486e-05	1.88571e-07	0.00497441	2.04286e-06	4.07429e-06	0.00424243	0.24
11	192	0.183214	10.2804	9.56571e-06	1.77543e-05	2.97143e-07	0.00502079	2.09429e-06	3.99429e-06	0.00408078	0.24
11	192	0.184623	10.6977	9.53714e-06	1.74143e-05	2.02857e-07	0.00497251	2.13429e-06	3.91143e-06	0.00424115	0.24
11	192	0.184743	10.6977	9.46286e-06	1.77229e-05	2.22857e-07	0.00497632	2.06857e-06	3.93429e-06	0.00424406	0.24
11	192	0.184595	10.6977	9.28286e-06	1.73771e-05	1.97143e-07	0.00497334	2.08286e-06	4.08857e-06	0.00424277	0.24
11	192	0.183409	10.2804	9.73429e-06	1.74429e-05	2.82857e-07	0.00502208	2.06571e-06	3.99429e-06	0.00408073	0.24
11	192	0.184748	10.6977	9.60571e-06	1.758e-05	2.08571e-07	0.00498177	2.10571e-06	3.94857e-06	0.00424272	0.24
11	192	0.184656	10.6977	9.42286e-06	1.73686e-05	1.97143e-07	0.00497417	2.07429e-06	3.93429e-06	0.00424111	0.24
12	192	0.241167	17.5966	1.00543e-05	1.94514e-05	2.62857e-07	0.00619688	2.38857e-06	4.11714e-06	0.00734012	0.32
12	192	0.241226	17.5966	1.03286e-05	1.93286e-05	2.88571e-07	0.00618934	2.39429e-06	4.22e-06	0.00734002	0.29
12	192	0.241009	17.5966	1.03114e-05	1.90229e-05	2.57143e-07	0.00619131	2.42e-06	4.17143e-06	0.00733538	0.29
12	192	0.245873	17.5966	1.02829e-05	1.90171e-05	2.74286e-07	0.00620871	2.23143e-06	4.11714e-06	0.00739522	0.30
12	192	0.245963	17.5966	1.03686e-05	1.89629e-05	2.51429e-07	0.00620909	2.36e-06	4.16286e-06	0.00739637	0.30
12	192	0.245863	17.5966	1.04457e-05	1.93371e-05	2.6e-07	0.00621491	2.24286e-06	4.13714e-06	0.00739223	0.30
12	192	0.246046	17.5966	1.04829e-05	1.91571e-05	2.91429e-07	0.0062165	2.24e-06	4.24e-06	0.00740104	0.30
12	192	0.241171	17.5966	1.03314e-05	1.94657e-05	2.71429e-07	0.00618878	2.47143e-06	4.20286e-06	0.00734304	0.30
12	192	0.241219	17.5966	1.03543e-05	1.89857e-05	2.65714e-07	0.00619626	2.38e-06	4.19143e-06	0.00734093	0.29
12	192	0.245817	17.5966	1.03429e-05	1.94086e-05	2.68571e-07	0.00621532	2.28571e-06	4.23429e-06	0.00739426	0.30
