N_THREADS	N_TRANSACTIONS	TIME	N_ABORTS	PROCESS_READ_TIME	PROCESS_WRITE_TIME	PROCESS_VALIDATION_TIME	PROCESS_OTHER_TIME	COMMIT_VALIDATION_TIME	COMMIT_OTHER_TIME	WASTED_TIME
1	1000	0.163932	0	5.64e-06	4.65714e-06	0	8.91429e-06	2.51429e-07	8.19429e-06	1.13429e-06
1	1000	0.163932	0	5.64e-06	4.66e-06	0	8.91429e-06	2.51429e-07	8.19714e-06	1.13143e-06
1	1000	0.163923	0	5.63714e-06	4.66e-06	0	8.91429e-06	2.51429e-07	8.19429e-06	1.13143e-06
1	1000	0.163927	0	5.63429e-06	4.66e-06	0	8.91143e-06	2.51429e-07	8.20286e-06	1.13143e-06
1	1000	0.163928	0	5.64286e-06	4.66286e-06	0	8.90571e-06	2.51429e-07	8.2e-06	1.13429e-06
1	1000	0.16394	0	5.64e-06	4.66e-06	0	8.91143e-06	2.51429e-07	8.19429e-06	1.13143e-06
1	1000	0.163934	0	5.63714e-06	4.66e-06	0	8.90857e-06	2.48571e-07	8.20857e-06	1.13143e-06
1	1000	0.163936	0	5.63714e-06	4.66e-06	0	8.91429e-06	2.51429e-07	8.2e-06	1.13143e-06
1	1000	0.163923	0	5.63429e-06	4.66e-06	0	8.90857e-06	2.51429e-07	8.2e-06	1.13143e-06
1	1000	0.163935	0	5.64e-06	4.66e-06	0	8.91143e-06	2.51429e-07	8.2e-06	1.13143e-06
2	2000	0.164725	2.05681	5.69429e-06	4.67714e-06	0	8.91429e-06	2.48571e-07	8.26571e-06	1.73714e-06
2	2000	0.165127	2.95973	5.70571e-06	4.68286e-06	0	8.90857e-06	2.51429e-07	8.26286e-06	2.05714e-06
2	2000	0.165159	3.05381	5.70571e-06	4.67714e-06	0	8.91714e-06	2.51429e-07	8.26571e-06	2.08e-06
2	2000	0.165147	3.05381	5.71714e-06	4.67714e-06	0	8.91143e-06	2.48571e-07	8.26286e-06	2.07714e-06
2	2000	0.16459	1.47783	5.69714e-06	4.68e-06	0	8.91143e-06	2.48571e-07	8.26571e-06	1.58286e-06
2	2000	0.16515	3.24141	5.70857e-06	4.68e-06	0	8.91143e-06	2.51429e-07	8.26286e-06	2.10286e-06
2	2000	0.165278	3.52147	5.71714e-06	4.68e-06	0	8.91143e-06	2.51429e-07	8.26e-06	2.21714e-06
2	2000	0.165755	4.98812	5.71143e-06	4.67714e-06	0	8.91714e-06	2.51429e-07	8.26571e-06	2.68571e-06
2	2000	0.164654	1.52634	5.69429e-06	4.67714e-06	0	8.91714e-06	2.48571e-07	8.26857e-06	1.58286e-06
2	2000	0.165117	2.95973	5.7e-06	4.67714e-06	0	8.91429e-06	2.45714e-07	8.26857e-06	2.05143e-06
3	3000	0.16944	10.8999	5.78286e-06	4.67143e-06	0	8.91429e-06	2.48571e-07	8.24286e-06	4.98857e-06
3	3000	0.169013	12.2037	5.75714e-06	4.67143e-06	0	8.91429e-06	2.48571e-07	8.24e-06	5.32857e-06
3	3000	0.169027	12.2807	5.73429e-06	4.66857e-06	0	8.91429e-06	2.48571e-07	8.24e-06	5.56286e-06
3	3000	0.168579	12.1265	5.77714e-06	4.66857e-06	0	8.91429e-06	2.48571e-07	8.24e-06	5.38286e-06
3	3000	0.168165	10.018	5.74571e-06	4.67143e-06	0	8.91714e-06	2.48571e-07	8.24286e-06	4.68857e-06
3	3000	0.16849	11.8425	5.74286e-06	4.66857e-06	0	8.91714e-06	2.48571e-07	8.24e-06	5.22857e-06
3	3000	0.167762	10.6345	5.74286e-06	4.66857e-06	0	8.91143e-06	2.48571e-07	8.24e-06	4.75429e-06
3	3000	0.170163	14.7727	5.77714e-06	4.66857e-06	0	8.91429e-06	2.48571e-07	8.24286e-06	6.58571e-06
3	3000	0.168998	13.4449	5.78286e-06	4.67143e-06	0	8.91429e-06	2.48571e-07	8.24e-06	5.87429e-06
3	3000	0.169247	13.2948	5.74e-06	4.67143e-06	0	8.91143e-06	2.48571e-07	8.24e-06	6.05429e-06
4	4000	0.17871	29.503	5.85429e-06	4.67143e-06	0	8.91714e-06	2.48571e-07	8.24e-06	1.49257e-05
4	4000	0.180923	32.0075	5.86e-06	4.66857e-06	0	8.91714e-06	2.48571e-07	8.24286e-06	1.67371e-05
4	4000	0.180826	32.6713	5.86286e-06	4.66857e-06	0	8.92e-06	2.51429e-07	8.24286e-06	1.718e-05
4	4000	0.18012	29.8984	5.87714e-06	4.66857e-06	0	8.92e-06	2.45714e-07	8.24857e-06	1.52429e-05
4	4000	0.176951	25.9534	5.84e-06	4.67143e-06	0	8.91143e-06	2.45714e-07	8.24286e-06	1.274e-05
4	4000	0.180446	31.8569	5.85429e-06	4.67143e-06	0	8.91429e-06	2.48571e-07	8.24857e-06	1.67429e-05
4	4000	0.177843	28.8889	5.86857e-06	4.66857e-06	0	8.91429e-06	2.51429e-07	8.24286e-06	1.44714e-05
4	4000	0.179472	28.8383	5.82e-06	4.66857e-06	0	8.92286e-06	2.45714e-07	8.24571e-06	1.492e-05
4	4000	0.179431	30.8796	5.84e-06	4.67143e-06	0	8.91429e-06	2.51429e-07	8.24e-06	1.57886e-05
4	4000	0.180838	32.8183	5.85714e-06	4.67143e-06	0	8.91714e-06	2.48571e-07	8.24286e-06	1.72571e-05
5	5000	0.212806	56.796	6.00571e-06	4.67429e-06	0	8.91714e-06	2.42857e-07	8.26286e-06	4.83314e-05
5	5000	0.21362	57.1954	6.04286e-06	4.67429e-06	0	8.92e-06	2.42857e-07	8.26571e-06	4.88629e-05
5	5000	0.218876	59.5371	6.03429e-06	4.68e-06	0	8.91714e-06	2.42857e-07	8.26571e-06	5.34629e-05
5	5000	0.225736	61.4911	6.04e-06	4.68e-06	0	8.92286e-06	2.42857e-07	8.26857e-06	5.916e-05
5	5000	0.217822	58.5956	6.00286e-06	4.67714e-06	0	8.92286e-06	2.42857e-07	8.27143e-06	5.19914e-05
5	5000	0.22108	60.2006	6.02857e-06	4.67714e-06	0	8.92e-06	2.42857e-07	8.26857e-06	5.53314e-05
5	5000	0.220086	59.7974	6.05429e-06	4.68e-06	0	8.91714e-06	2.42857e-07	8.27143e-06	5.43971e-05
5	5000	0.21762	59.6481	6.04857e-06	4.67429e-06	0	8.92286e-06	2.42857e-07	8.26857e-06	5.38057e-05
5	5000	0.222929	61.2793	6.05143e-06	4.68286e-06	0	8.91714e-06	2.42857e-07	8.26571e-06	5.78943e-05
5	5000	0.218393	59.3892	6.02571e-06	4.68e-06	0	8.91714e-06	2.42857e-07	8.26286e-06	5.33257e-05
6	6000	0.330342	80.4375	6.22286e-06	4.69429e-06	0	8.91714e-06	2.4e-07	8.29143e-06	0.000162906
6	6000	0.323163	79.8516	6.20857e-06	4.69143e-06	0	8.92e-06	2.4e-07	8.28571e-06	0.00015518
6	6000	0.327493	80.116	6.21143e-06	4.69429e-06	0	8.92571e-06	2.4e-07	8.29143e-06	0.000158074
6	6000	0.337975	80.8012	6.24286e-06	4.69714e-06	0	8.92e-06	2.4e-07	8.29429e-06	0.000166797
6	6000	0.327353	80.2865	6.22571e-06	4.68571e-06	0	8.92e-06	2.4e-07	8.28857e-06	0.000159931
6	6000	0.331188	80.6364	6.22857e-06	4.69143e-06	0	8.92286e-06	2.4e-07	8.28857e-06	0.000163083
6	6000	0.317383	79.3168	6.2e-06	4.69714e-06	0	8.91714e-06	2.4e-07	8.29143e-06	0.000150529
6	6000	0.325976	79.7898	6.23714e-06	4.69429e-06	0	8.92286e-06	2.4e-07	8.28571e-06	0.00015538
6	6000	0.333702	80.7748	6.23429e-06	4.69143e-06	0	8.92286e-06	2.4e-07	8.29429e-06	0.000165234
6	6000	0.333429	80.6095	6.21429e-06	4.69429e-06	0	8.92286e-06	2.4e-07	8.29143e-06	0.000163106
7	7000	0.499725	88.4012	6.28e-06	4.70286e-06	0	8.92286e-06	2.4e-07	8.29429e-06	0.000327737
7	7000	0.523437	89.2104	6.29143e-06	4.70286e-06	0	8.92286e-06	2.4e-07	8.29714e-06	0.000355463
7	7000	0.498802	88.5255	6.29714e-06	4.70286e-06	0	8.92286e-06	2.4e-07	8.30571e-06	0.000329537
7	7000	0.502661	88.6373	6.26571e-06	4.70571e-06	0	8.92571e-06	2.4e-07	8.29714e-06	0.000333266
7	7000	0.508759	88.723	6.29143e-06	4.70571e-06	0	8.92286e-06	2.4e-07	8.29714e-06	0.000335914
7	7000	0.511301	88.8716	6.27143e-06	4.70571e-06	0	8.92571e-06	2.4e-07	8.30286e-06	0.000342943
7	7000	0.505751	88.7415	6.27429e-06	4.70286e-06	0	8.92857e-06	2.4e-07	8.3e-06	0.000336743
7	7000	0.503331	88.6003	6.28857e-06	4.70286e-06	0	8.92e-06	2.4e-07	8.29429e-06	0.000332409
7	7000	0.501682	88.5381	6.28571e-06	4.70286e-06	0	8.92571e-06	2.4e-07	8.3e-06	0.000328457
7	7000	0.510856	88.7375	6.25429e-06	4.70286e-06	0	8.92857e-06	2.4e-07	8.29429e-06	0.000338371
8	8000	0.748218	92.5336	6.3e-06	4.71143e-06	0	8.93143e-06	2.42857e-07	8.30571e-06	0.000573609
8	8000	0.745534	92.54	6.29429e-06	4.71143e-06	0	8.92286e-06	2.4e-07	8.30571e-06	0.000572234
8	8000	0.738489	92.4585	6.31714e-06	4.70857e-06	0	8.93143e-06	2.4e-07	8.30571e-06	0.000564391
8	8000	0.746183	92.5183	6.30286e-06	4.71429e-06	0	8.92857e-06	2.48571e-07	8.29429e-06	0.000573094
8	8000	0.731434	92.391	6.30571e-06	4.70857e-06	0	8.93429e-06	2.48571e-07	8.30571e-06	0.000559083
8	8000	0.777544	92.7357	6.30286e-06	4.71143e-06	0	8.92857e-06	2.51429e-07	8.3e-06	0.000595383
8	8000	0.759643	92.7143	6.30857e-06	4.71429e-06	0	8.92286e-06	2.51429e-07	8.29429e-06	0.000588477
8	8000	0.749229	92.5181	6.31143e-06	4.70857e-06	0	8.93143e-06	2.42857e-07	8.3e-06	0.000573686
8	8000	0.756185	92.5975	6.30571e-06	4.71429e-06	0	8.93143e-06	2.51429e-07	8.29429e-06	0.000582434
8	8000	0.742199	92.5432	6.32571e-06	4.71429e-06	0	8.92286e-06	2.45714e-07	8.30286e-06	0.000572891
9	9000	1.02553	94.4834	6.32857e-06	4.72e-06	0	8.93429e-06	2.31429e-07	8.32857e-06	0.000851994
9	9000	1.04177	94.5689	6.31143e-06	4.72e-06	0	8.92571e-06	2.31429e-07	8.32571e-06	0.000868163
9	9000	1.0072	94.286	6.30857e-06	4.72e-06	0	8.92857e-06	2.31429e-07	8.32e-06	0.000817877
9	9000	1.02989	94.5002	6.30571e-06	4.72e-06	0	8.92857e-06	2.31429e-07	8.32571e-06	0.000854651
9	9000	1.00737	94.3217	6.30857e-06	4.72e-06	0	8.92857e-06	2.31429e-07	8.32286e-06	0.000825771
9	9000	1.00736	94.3695	6.33429e-06	4.72571e-06	0	8.93143e-06	2.31429e-07	8.32571e-06	0.00083084
9	9000	1.01632	94.4286	6.31714e-06	4.72e-06	0	8.93429e-06	2.31429e-07	8.32e-06	0.000841331
9	9000	1.00581	94.3596	6.3e-06	4.72286e-06	0	8.93143e-06	2.31429e-07	8.32286e-06	0.000826631
9	9000	1.02	94.4478	6.31429e-06	4.71714e-06	0	8.92857e-06	2.31429e-07	8.32857e-06	0.000845997
9	9000	1.04661	94.5836	6.30286e-06	4.72571e-06	0	8.92e-06	2.31429e-07	8.32e-06	0.000871646
10	10000	1.31846	95.5306	6.32571e-06	4.72857e-06	0	8.92571e-06	2.28571e-07	8.33714e-06	0.00113341
10	10000	1.33528	95.6185	6.32571e-06	4.73143e-06	0	8.92e-06	2.28571e-07	8.33429e-06	0.00115617
10	10000	1.3285	95.5763	6.31143e-06	4.72571e-06	0	8.93429e-06	2.28571e-07	8.33143e-06	0.00114222
10	10000	1.29328	95.4321	6.30857e-06	4.72857e-06	0	8.92571e-06	2.28571e-07	8.32857e-06	0.00110946
10	10000	1.33092	95.5676	6.32857e-06	4.72571e-06	0	8.92857e-06	2.28571e-07	8.33143e-06	0.00114585
10	10000	1.31133	95.5223	6.32857e-06	4.72286e-06	0	8.93714e-06	2.28571e-07	8.32857e-06	0.0011243
10	10000	1.32104	95.5281	6.34286e-06	4.72857e-06	0	8.93143e-06	2.28571e-07	8.33429e-06	0.00113969
10	10000	1.29227	95.4472	6.32286e-06	4.72571e-06	0	8.92857e-06	2.28571e-07	8.32571e-06	0.00110578
10	10000	1.30779	95.5007	6.33143e-06	4.72286e-06	0	8.93429e-06	2.28571e-07	8.32571e-06	0.00111948
10	10000	1.33285	95.5874	6.33143e-06	4.72571e-06	0	8.93143e-06	2.28571e-07	8.33714e-06	0.00115377
11	11000	1.66363	96.3238	6.32857e-06	4.73143e-06	0	8.93714e-06	2.48571e-07	8.31429e-06	0.00148303
11	11000	1.64179	96.2968	6.33714e-06	4.73429e-06	0	8.93143e-06	2.4e-07	8.33143e-06	0.00146077
11	11000	1.66312	96.3326	6.33143e-06	4.73429e-06	0	8.92857e-06	2.48571e-07	8.31714e-06	0.0014689
11	11000	1.65027	96.3003	6.32571e-06	4.73429e-06	0	8.92857e-06	2.51429e-07	8.31714e-06	0.00146359
11	11000	1.63515	96.2547	6.32571e-06	4.73714e-06	0	8.93429e-06	2.51429e-07	8.31714e-06	0.00144757
11	11000	1.65082	96.3051	6.33714e-06	4.73143e-06	0	8.93143e-06	2.4e-07	8.32571e-06	0.00146265
11	11000	1.66251	96.3365	6.33429e-06	4.73143e-06	0	8.93429e-06	2.37143e-07	8.32571e-06	0.00147639
11	11000	1.66516	96.3575	6.32286e-06	4.73714e-06	0	8.94857e-06	2.42857e-07	8.32286e-06	0.00148499
11	11000	1.65346	96.3005	6.32857e-06	4.73429e-06	0	8.93143e-06	2.4e-07	8.32571e-06	0.00145854
11	11000	1.66057	96.3206	6.33714e-06	4.74e-06	0	8.93714e-06	2.48571e-07	8.32286e-06	0.00147471
12	12000	2.15121	96.8218	6.78286e-06	5.11714e-06	0	9.63714e-06	2.42857e-07	8.90571e-06	0.00194851
12	12000	2.16718	96.857	6.77143e-06	5.11429e-06	0	9.63714e-06	2.4e-07	8.9e-06	0.00195983
12	12000	2.1965	96.8741	6.81143e-06	5.12857e-06	0	9.66571e-06	2.4e-07	8.92571e-06	0.0020025
12	12000	2.13223	96.7588	6.76e-06	5.09714e-06	0	9.61143e-06	2.4e-07	8.88571e-06	0.00191258
12	12000	2.17739	96.8627	6.79714e-06	5.11143e-06	0	9.64857e-06	2.4e-07	8.91429e-06	0.00197827
12	12000	2.19272	96.8926	6.80857e-06	5.12857e-06	0	9.66857e-06	2.4e-07	8.92857e-06	0.00199948
12	12000	2.13327	96.7754	6.78286e-06	5.10857e-06	0	9.64286e-06	2.4e-07	8.90286e-06	0.00192048
12	12000	2.16608	96.8246	6.76857e-06	5.10286e-06	0	9.63143e-06	2.42857e-07	8.89714e-06	0.00195602
12	12000	2.20184	96.8706	6.80857e-06	5.12e-06	0	9.65429e-06	2.4e-07	8.91429e-06	0.00199801
12	12000	2.22412	96.9365	6.81429e-06	5.13143e-06	0	9.65429e-06	2.4e-07	8.92286e-06	0.00203245
