N_THREADS	N_TRANSACTIONS	TIME	N_ABORTS	PROCESS_READ_TIME	PROCESS_WRITE_TIME	PROCESS_VALIDATION_TIME	PROCESS_OTHER_TIME	COMMIT_VALIDATION_TIME	COMMIT_OTHER_TIME	WASTED_TIME
1	1000	1.39125	0	0.000256417	0.000164277	0	0.000738697	2.51429e-07	0.000222629	2.36286e-06	1.48
1	1000	1.39142	0	0.000256477	0.000164323	0	0.000738651	2.51429e-07	0.000222729	2.36286e-06	1.48
1	1000	1.39136	0	0.000256497	0.000164306	0	0.000738629	2.51429e-07	0.000222694	2.36286e-06	1.48
1	1000	1.39143	0	0.000256483	0.000164294	0	0.000738657	2.48571e-07	0.000222766	2.36e-06	1.48
1	1000	1.39127	0	0.000256446	0.000164291	0	0.000738677	2.51429e-07	0.000222634	2.36e-06	1.48
1	1000	1.39134	0	0.000256457	0.000164289	0	0.000738711	2.51429e-07	0.000222643	2.36571e-06	1.48
1	1000	1.39122	0	0.000256423	0.00016428	0	0.00073864	2.51429e-07	0.000222649	2.36e-06	1.48
1	1000	1.39105	0	0.000256369	0.000164183	0	0.000738654	2.51429e-07	0.000222597	2.35429e-06	1.48
1	1000	1.39144	0	0.0002565	0.000164366	0	0.000738683	2.51429e-07	0.000222671	2.36e-06	1.48
1	1000	1.39133	0	0.000256471	0.00016428	0	0.000738677	2.51429e-07	0.000222677	2.35714e-06	1.48
2	2000	1.43792	2.6764	0.000265214	0.000168746	0	0.000745794	2.48571e-07	0.000229009	2.05714e-05	1.54
2	2000	1.43819	2.6764	0.000265391	0.000168911	0	0.00074584	2.48571e-07	0.000228877	2.05657e-05	1.53
2	2000	1.43513	2.24829	0.00026542	0.000168794	0	0.000745763	2.51429e-07	0.000228717	1.76086e-05	1.53
2	2000	1.43969	2.58159	0.000265726	0.00016916	0	0.000746046	2.51429e-07	0.000228917	2.14e-05	1.54
2	2000	1.43876	2.6764	0.000265566	0.000169029	0	0.000745934	2.48571e-07	0.000229049	2.05714e-05	1.53
2	2000	1.43821	2.53411	0.00026534	0.0001689	0	0.000745846	2.48571e-07	0.000229137	2.03629e-05	1.53
2	2000	1.43834	2.58159	0.00026532	0.000168891	0	0.00074588	2.48571e-07	0.000229169	2.042e-05	1.53
2	2000	1.43641	2.39141	0.000265803	0.000168997	0	0.000746051	2.48571e-07	0.000229014	1.92857e-05	1.53
2	2000	1.43799	2.58159	0.000265666	0.000169006	0	0.000745966	2.51429e-07	0.00022914	2.09029e-05	1.53
2	2000	1.43697	2.39141	0.000265583	0.000168986	0	0.000745966	2.45714e-07	0.000229029	1.98286e-05	1.53
3	3000	1.50114	5.18331	0.000277343	0.000175703	0	0.0007553	2.48571e-07	0.000238437	4.446e-05	1.60
3	3000	1.49846	4.85252	0.000277163	0.000175989	0	0.000755177	2.48571e-07	0.000237834	4.00286e-05	1.59
3	3000	1.49734	5.09332	0.000277363	0.000175831	0	0.000754903	2.48571e-07	0.0002371	4.02143e-05	1.60
3	3000	1.50185	5.12334	0.000277411	0.000175971	0	0.000755014	2.48571e-07	0.000237209	4.458e-05	1.59
3	3000	1.50154	5.33291	0.000277317	0.000176129	0	0.000755231	2.48571e-07	0.000237703	4.58314e-05	1.60
3	3000	1.50344	5.09332	0.000277151	0.00017564	0	0.000755091	2.48571e-07	0.000238154	4.53429e-05	1.60
3	3000	1.49558	4.39771	0.00027724	0.000175783	0	0.000755323	2.48571e-07	0.000238546	3.82886e-05	1.59
3	3000	1.50223	5.30303	0.000277066	0.000175894	0	0.000755203	2.48571e-07	0.000238014	4.51771e-05	1.59
3	3000	1.5017	5.27313	0.000277286	0.000175911	0	0.000755251	2.48571e-07	0.000237829	4.49229e-05	1.60
3	3000	1.50054	4.7619	0.000277086	0.000176011	0	0.000755063	2.48571e-07	0.000237109	4.13486e-05	1.59
4	4000	1.5715	7.10636	0.00029298	0.000186203	0	0.000768531	2.45714e-07	0.000250986	6.06543e-05	1.67
4	4000	1.57365	6.54206	0.0002932	0.000186431	0	0.000768614	2.51429e-07	0.00025072	5.94543e-05	1.66
4	4000	1.57433	6.9118	0.000292769	0.000185889	0	0.000768631	2.51429e-07	0.000251663	6.23514e-05	1.66
4	4000	1.57315	6.80336	0.000293423	0.00018658	0	0.000768634	2.51429e-07	0.000250914	5.89429e-05	1.67
4	4000	1.57835	7.7278	0.0002935	0.000186574	0	0.000768503	2.51429e-07	0.000250446	6.59286e-05	1.68
4	4000	1.5763	7.2141	0.000293131	0.00018644	0	0.000768677	2.51429e-07	0.00025102	6.26114e-05	1.67
4	4000	1.5737	6.97674	0.000293209	0.000186194	0	0.000768617	2.51429e-07	0.000251297	5.98857e-05	1.67
4	4000	1.57154	7.0416	0.00029338	0.00018648	0	0.000768774	2.48571e-07	0.000251	6.14943e-05	1.67
4	4000	1.56723	6.75991	0.000292483	0.00018578	0	0.000768263	2.48571e-07	0.000251006	5.77771e-05	1.66
4	4000	1.56742	6.54206	0.000293383	0.000186154	0	0.000768757	2.45714e-07	0.000251554	5.75514e-05	1.66
5	5000	1.67492	8.62573	0.000316917	0.00020236	0	0.000788391	2.42857e-07	0.000271843	7.87229e-05	1.77
5	5000	1.68396	8.97506	0.000315966	0.000201929	0	0.000788171	2.42857e-07	0.000272597	8.47571e-05	1.78
5	5000	1.68877	9.18997	0.0003164	0.000202174	0	0.000788497	2.42857e-07	0.000273234	8.56714e-05	1.78
5	5000	1.68852	9.46949	0.000316189	0.000202169	0	0.000787854	2.42857e-07	0.00027112	8.91229e-05	1.79
5	5000	1.68367	9.18997	0.000316174	0.000201997	0	0.00078796	2.42857e-07	0.000272177	8.59657e-05	1.77
5	5000	1.68516	9.4531	0.000316174	0.000202083	0	0.000787877	2.42857e-07	0.000271471	8.972e-05	1.78
5	5000	1.67418	8.4752	0.00031612	0.000202083	0	0.000787891	2.42857e-07	0.000271483	7.64629e-05	1.78
5	5000	1.6737	8.99163	0.00031646	0.000202269	0	0.000787946	2.42857e-07	0.000271037	8.188e-05	1.77
5	5000	1.68699	9.37103	0.000316569	0.000201966	0	0.00078826	2.42857e-07	0.000272646	8.78571e-05	1.78
5	5000	1.69081	9.32173	0.000316306	0.000202634	0	0.000788117	2.42857e-07	0.000271017	8.74257e-05	1.79
6	6000	1.81514	10.7807	0.000348917	0.000225637	0	0.00081472	2.4e-07	0.000299846	0.000109143	1.92
6	6000	1.81923	10.9924	0.000349191	0.000225257	0	0.000814771	2.4e-07	0.000300549	0.00010934	1.92
6	6000	1.83069	11.1374	0.000348986	0.000225057	0	0.000815091	2.4e-07	0.00030194	0.000115834	1.93
6	6000	1.82663	10.9264	0.000348969	0.000225634	0	0.000815309	2.4e-07	0.000301714	0.000109546	1.92
6	6000	1.83005	11.3475	0.000349429	0.00022574	0	0.000815234	2.4e-07	0.000301111	0.000115437	1.93
6	6000	1.82812	11.3737	0.000348897	0.000225046	0	0.000815391	2.4e-07	0.000303083	0.000116497	1.92
6	6000	1.82489	11.1506	0.000349043	0.000225383	0	0.000814946	2.4e-07	0.00030066	0.000112966	1.92
6	6000	1.82094	11.2032	0.000349509	0.00022548	0	0.000815457	2.4e-07	0.000302369	0.00011326	1.92
6	6000	1.81677	11.1111	0.000348734	0.000225351	0	0.00081472	2.4e-07	0.000300097	0.000111649	1.91
6	6000	1.83315	10.8602	0.000348714	0.000225097	0	0.000814574	2.4e-07	0.000300143	0.00010968	1.93
7	7000	2.01429	13.1406	0.000392774	0.000256009	0	0.000850423	2.4e-07	0.00034282	0.000146611	2.11
7	7000	2.01324	13.2375	0.00039266	0.000256106	0	0.000850583	2.4e-07	0.000342394	0.000149866	2.11
7	7000	2.00744	12.957	0.000393774	0.000256817	0	0.000850643	2.4e-07	0.000341629	0.000147429	2.10
7	7000	2.02243	13.216	0.000393577	0.000256751	0	0.000850817	2.4e-07	0.000342443	0.00015026	2.12
7	7000	2.014	12.9462	0.000393531	0.000256206	0	0.0008506	2.4e-07	0.00034326	0.000144514	2.11
7	7000	2.00927	12.7508	0.000392274	0.000255883	0	0.000850209	2.4e-07	0.00034188	0.000141511	2.10
7	7000	2.01119	13.1082	0.000393086	0.000256483	0	0.000850286	2.4e-07	0.000341286	0.000146949	2.11
7	7000	2.01668	13.2805	0.000393029	0.000255946	0	0.000850117	2.4e-07	0.000341757	0.000150631	2.11
7	7000	2.01108	13.0002	0.000392934	0.000256097	0	0.0008506	2.4e-07	0.00034312	0.000147517	2.11
7	7000	2.0093	12.8595	0.000392789	0.000255886	0	0.000849871	2.4e-07	0.000340874	0.000144317	2.10
8	8000	2.25053	15.3618	0.000448251	0.000295163	0	0.000893071	2.51429e-07	0.000391383	0.000193831	2.35
8	8000	2.25361	15.3618	0.000447869	0.000294471	0	0.000893034	2.51429e-07	0.000392109	0.00019322	2.35
8	8000	2.24226	15.0743	0.000448183	0.000294966	0	0.000892846	2.51429e-07	0.000391371	0.000189171	2.34
8	8000	2.24906	15.1824	0.00044728	0.000294089	0	0.000892334	2.51429e-07	0.000390954	0.000191563	2.35
8	8000	2.2462	15.1464	0.000448006	0.00029444	0	0.000893277	2.51429e-07	0.000393146	0.000190034	2.34
8	8000	2.25815	15.1013	0.000446934	0.000294094	0	0.0008921	2.51429e-07	0.000390729	0.000186826	2.36
8	8000	2.24773	15.4423	0.000447877	0.000294523	0	0.00089258	2.51429e-07	0.000390711	0.000191431	2.35
8	8000	2.24948	14.6849	0.000448	0.000294354	0	0.0008927	2.51429e-07	0.000391794	0.000182471	2.35
8	8000	2.25146	14.9027	0.000447783	0.000294443	0	0.000892383	2.51429e-07	0.000390494	0.000183109	2.35
8	8000	2.25028	15.6118	0.000447314	0.000294697	0	0.000892877	2.51429e-07	0.000391877	0.00019534	2.35
9	9000	2.52966	17.6578	0.000509937	0.000336814	0	0.000940766	2.31429e-07	0.000451734	0.000252303	2.63
9	9000	2.51311	17.5447	0.000511249	0.000338357	0	0.000941446	2.31429e-07	0.000451186	0.000249143	2.60
9	9000	2.51739	17.4993	0.00051116	0.000337709	0	0.000940771	2.31429e-07	0.000450823	0.00024936	2.62
9	9000	2.52275	17.5749	0.00051048	0.000337569	0	0.00094074	2.31429e-07	0.000449551	0.000250603	2.62
9	9000	2.50652	16.7515	0.000511497	0.000337809	0	0.000941054	2.31429e-07	0.00045004	0.000235206	2.60
9	9000	2.51222	17.3781	0.000510874	0.000337474	0	0.000940371	2.31429e-07	0.000449166	0.000243529	2.61
9	9000	2.52947	17.5673	0.00050978	0.00033692	0	0.000940077	2.31429e-07	0.000449549	0.000247283	2.63
9	9000	2.52404	17.4009	0.000511143	0.00033746	0	0.000940651	2.31429e-07	0.000450314	0.00024314	2.63
9	9000	2.50215	16.9588	0.000511454	0.000338351	0	0.000941249	2.31429e-07	0.000450494	0.000233331	2.60
9	9000	2.5015	16.6435	0.000511289	0.000337969	0	0.000940474	2.31429e-07	0.000448251	0.00023368	2.60
10	10000	2.79871	18.8838	0.000580614	0.000385146	0	0.000992017	2.28571e-07	0.000512097	0.000296331	2.90
10	10000	2.79628	18.9299	0.000580311	0.000385303	0	0.000992003	2.28571e-07	0.000511469	0.000298189	2.89
10	10000	2.81665	19.4068	0.000578354	0.00038366	0	0.000990846	2.28571e-07	0.000511769	0.000307429	2.92
10	10000	2.81767	19.1854	0.000579769	0.000385331	0	0.000991526	2.28571e-07	0.00051022	0.000301849	2.91
10	10000	2.80622	19.2963	0.000580697	0.000385257	0	0.000992343	2.28571e-07	0.000512469	0.000305203	2.90
10	10000	2.8244	19.2376	0.000579551	0.000384609	0	0.000991471	2.28571e-07	0.000511703	0.00030524	2.92
10	10000	2.80644	19.048	0.000580466	0.000385231	0	0.000991691	2.28571e-07	0.000510749	0.000301029	2.90
10	10000	2.79633	18.9233	0.000580786	0.000385777	0	0.000992177	2.28571e-07	0.000511606	0.000297466	2.90
10	10000	2.81015	19.1069	0.000579971	0.000385309	0	0.000991774	2.28571e-07	0.000511086	0.000302277	2.91
10	10000	2.81843	19.1984	0.000579863	0.000384831	0	0.000991677	2.28571e-07	0.000511671	0.000306691	2.91
11	11000	3.12028	21.13	0.000652803	0.000434311	0	0.00104496	2.51429e-07	0.000575929	0.000371514	3.22
11	11000	3.1232	21.4454	0.000652043	0.000434046	0	0.00104416	2.51429e-07	0.000574991	0.000376611	3.22
11	11000	3.12366	21.1413	0.000651614	0.000433751	0	0.00104442	2.51429e-07	0.000575709	0.0003711	3.22
11	11000	3.10998	20.675	0.000652783	0.000433971	0	0.00104477	2.51429e-07	0.000576531	0.000362689	3.21
11	11000	3.11166	20.8861	0.000654349	0.000434483	0	0.00104481	2.51429e-07	0.000575503	0.000362689	3.21
11	11000	3.10745	20.3187	0.000651963	0.000433654	0	0.00104428	2.51429e-07	0.000575863	0.00035772	3.21
11	11000	3.11046	20.7379	0.000653406	0.000434754	0	0.00104515	2.51429e-07	0.000576429	0.000363603	3.21
11	11000	3.11448	21.0281	0.000652577	0.00043442	0	0.00104514	2.51429e-07	0.000576677	0.000371249	3.21
11	11000	3.11623	20.8633	0.000652111	0.000433531	0	0.00104404	2.51429e-07	0.000575091	0.00036398	3.21
11	11000	3.12052	21.3049	0.000653297	0.000434489	0	0.00104539	2.51429e-07	0.000576589	0.000379574	3.23
12	12000	3.45391	23.1114	0.000724986	0.00048222	0	0.001097	2.4e-07	0.00064072	0.000457269	3.55
12	12000	3.43099	22.4305	0.000725154	0.000483251	0	0.00109757	2.4e-07	0.000640474	0.000440009	3.54
12	12000	3.45354	22.7252	0.000724797	0.00048224	0	0.00109694	2.4e-07	0.000640686	0.000438849	3.55
12	12000	3.44945	23.0917	0.000724906	0.000483003	0	0.00109747	2.4e-07	0.000640257	0.000452343	3.54
12	12000	3.43208	22.3904	0.0007262	0.000483103	0	0.00109809	2.4e-07	0.000641866	0.000436757	3.53
12	12000	3.43137	22.5906	0.000725269	0.000483234	0	0.0010972	2.4e-07	0.000639671	0.00043652	3.53
12	12000	3.43489	22.31	0.000726243	0.000483134	0	0.00109801	2.4e-07	0.000641223	0.000434586	3.53
12	12000	3.44948	23.2589	0.00072614	0.000483423	0	0.00109788	2.4e-07	0.000640834	0.000458103	3.55
12	12000	3.44042	22.6056	0.000725549	0.000483323	0	0.00109773	2.4e-07	0.000641206	0.000435774	3.54
12	12000	3.44615	23.072	0.000724617	0.000482469	0	0.00109663	2.4e-07	0.000639251	0.000452763	3.54
