N_THREADS	N_TRANSACTIONS	TIME	N_ABORTS	PROCESS_READ_TIME	PROCESS_WRITE_TIME	PROCESS_VALIDATION_TIME	PROCESS_OTHER_TIME	COMMIT_VALIDATION_TIME	COMMIT_OTHER_TIME	WASTED_TIME
1	1000	1.17943	0	0.000164223	0.000164243	0	0.000629854	2.51429e-07	0.000211923	2.47143e-06	1.28
1	1000	1.1796	0	0.000164263	0.000164314	0	0.000629826	2.48571e-07	0.000212017	2.47143e-06	1.28
1	1000	1.17956	0	0.000164243	0.0001643	0	0.00062982	2.48571e-07	0.000212026	2.45429e-06	1.27
1	1000	1.17937	0	0.000164209	0.000164214	0	0.000629857	2.51429e-07	0.000211894	2.46857e-06	1.27
1	1000	1.17961	0	0.000164277	0.00016432	0	0.00062982	2.51429e-07	0.000212009	2.46857e-06	1.27
1	1000	1.17939	0	0.000164203	0.00016424	0	0.000629843	2.48571e-07	0.000211926	2.46286e-06	1.27
1	1000	1.17973	0	0.00016432	0.000164349	0	0.000629809	2.51429e-07	0.000212071	2.46e-06	1.27
1	1000	1.17974	0	0.00016428	0.000164349	0	0.000629843	2.51429e-07	0.00021208	2.47143e-06	1.27
1	1000	1.17976	0	0.000164274	0.000164371	0	0.000629811	2.51429e-07	0.00021212	2.46571e-06	1.27
1	1000	1.1797	0	0.000164266	0.000164334	0	0.00062982	2.48571e-07	0.0002121	2.47143e-06	1.27
2	2000	1.21205	2.86547	0.000169109	0.000168629	0	0.000632906	2.51429e-07	0.000216814	1.72029e-05	1.31
2	2000	1.21111	2.77103	0.000168891	0.000168634	0	0.000632811	2.51429e-07	0.000217197	1.60771e-05	1.30
2	2000	1.21024	2.77103	0.000169066	0.000168617	0	0.000632894	2.48571e-07	0.000216857	1.47343e-05	1.31
2	2000	1.21189	2.72374	0.000168786	0.000168483	0	0.000632751	2.48571e-07	0.00021742	1.65771e-05	1.30
2	2000	1.212	2.86547	0.000168874	0.000168689	0	0.000632851	2.51429e-07	0.000216977	1.66486e-05	1.31
2	2000	1.21454	2.95973	0.000168731	0.000168594	0	0.000632811	2.51429e-07	0.000217234	1.73914e-05	1.32
2	2000	1.21115	2.95973	0.000168811	0.000168557	0	0.000632837	2.51429e-07	0.000217226	1.62343e-05	1.31
2	2000	1.21216	3.00679	0.000168831	0.000168594	0	0.000632829	2.48571e-07	0.00021702	1.62971e-05	1.30
2	2000	1.21202	3.00679	0.000168874	0.000168509	0	0.000632851	2.51429e-07	0.00021692	1.63029e-05	1.30
2	2000	1.211	2.86547	0.000168989	0.000168583	0	0.000632851	2.51429e-07	0.000216906	1.61886e-05	1.31
3	3000	1.25298	4.82234	0.00017504	0.000174394	0	0.000636529	2.48571e-07	0.000224754	3.10486e-05	1.35
3	3000	1.25573	5.57129	0.000174969	0.000174423	0	0.00063654	2.48571e-07	0.000224917	3.43057e-05	1.35
3	3000	1.24853	4.42816	0.000175111	0.000174514	0	0.000636614	2.48571e-07	0.000225514	2.86343e-05	1.34
3	3000	1.25223	5.00317	0.00017514	0.000174469	0	0.000636606	2.48571e-07	0.000225137	3.044e-05	1.35
3	3000	1.25969	5.45225	0.000175311	0.000174597	0	0.000636631	2.48571e-07	0.000224823	3.39771e-05	1.35
3	3000	1.25427	5.15334	0.000175054	0.000174454	0	0.000636591	2.48571e-07	0.000225046	3.16143e-05	1.35
3	3000	1.25016	5.12334	0.000175186	0.000174463	0	0.000636626	2.48571e-07	0.000224697	3.09314e-05	1.34
3	3000	1.25396	5.00317	0.00017544	0.000174734	0	0.00063674	2.48571e-07	0.000224583	3.11886e-05	1.35
3	3000	1.25477	5.18331	0.000175351	0.000174537	0	0.0006366	2.48571e-07	0.000224654	3.18171e-05	1.36
3	3000	1.25749	5.30303	0.00017534	0.000174711	0	0.000636686	2.48571e-07	0.000224449	2.99686e-05	1.35
4	4000	1.30263	7.25713	0.000184003	0.000183183	0	0.000642183	2.51429e-07	0.000236066	4.40229e-05	1.40
4	4000	1.29418	6.60752	0.000184303	0.000183057	0	0.000642106	2.45714e-07	0.000235351	4.09857e-05	1.39
4	4000	1.30627	7.59991	0.000184286	0.000183351	0	0.000642306	2.51429e-07	0.000235443	4.606e-05	1.40
4	4000	1.30581	7.19258	0.000184349	0.000183677	0	0.000642431	2.51429e-07	0.000235869	4.42371e-05	1.40
4	4000	1.30647	7.40741	0.000184366	0.0001834	0	0.000642323	2.48571e-07	0.000235697	4.41971e-05	1.40
4	4000	1.30584	7.12793	0.000184003	0.0001829	0	0.000642031	2.48571e-07	0.000235677	4.53171e-05	1.40
4	4000	1.3039	6.86845	0.000183889	0.000182889	0	0.000642049	2.51429e-07	0.000235966	4.30543e-05	1.40
4	4000	1.3014	7.36452	0.000183951	0.000182951	0	0.00064204	2.51429e-07	0.000236437	4.576e-05	1.39
4	4000	1.3034	7.38597	0.000184174	0.000183174	0	0.000642097	2.48571e-07	0.00023488	4.732e-05	1.40
4	4000	1.29768	6.97674	0.000184291	0.000183397	0	0.000642286	2.48571e-07	0.000235657	4.15257e-05	1.39
5	5000	1.36987	9.14047	0.00019698	0.000196251	0	0.000649926	2.42857e-07	0.000252326	5.868e-05	1.47
5	5000	1.37548	10.1204	0.000196917	0.000196169	0	0.000649934	2.42857e-07	0.000252254	6.72429e-05	1.47
5	5000	1.37309	9.61678	0.000196537	0.000195849	0	0.000649749	2.42857e-07	0.000251723	6.19657e-05	1.47
5	5000	1.37204	9.68208	0.000196789	0.000196229	0	0.000650006	2.42857e-07	0.000252883	6.38286e-05	1.47
5	5000	1.37747	9.20646	0.000197143	0.00019622	0	0.000649911	2.42857e-07	0.000252357	5.99829e-05	1.48
5	5000	1.3789	9.50226	0.000196251	0.000195437	0	0.000649566	2.42857e-07	0.000252563	6.52257e-05	1.47
5	5000	1.36909	9.33817	0.000197177	0.00019632	0	0.000649971	2.42857e-07	0.00025252	6.112e-05	1.46
5	5000	1.37165	9.92614	0.000196263	0.000195714	0	0.000649717	2.42857e-07	0.00025236	6.346e-05	1.46
5	5000	1.37703	10.3621	0.000196766	0.000196154	0	0.000649911	2.42857e-07	0.000250866	6.94371e-05	1.47
5	5000	1.37512	10.0072	0.000196129	0.000195643	0	0.000649674	2.42857e-07	0.000251834	6.56029e-05	1.47
6	6000	1.4644	11.8036	0.000214809	0.000214923	0	0.000660534	2.4e-07	0.000275454	8.04486e-05	1.56
6	6000	1.46693	11.8425	0.0002148	0.000214834	0	0.000660557	2.4e-07	0.000276086	7.98714e-05	1.56
6	6000	1.46369	11.4522	0.00021538	0.000215391	0	0.000660877	2.4e-07	0.000275266	8.09829e-05	1.56
6	6000	1.46562	11.8425	0.000214843	0.000215006	0	0.000660694	2.4e-07	0.000276411	8.206e-05	1.56
6	6000	1.46363	10.7541	0.00021512	0.0002149	0	0.000660626	2.4e-07	0.000277254	7.51343e-05	1.55
6	6000	1.46729	11.6868	0.000215583	0.000215523	0	0.000660923	2.4e-07	0.00027618	8.11829e-05	1.56
6	6000	1.46528	11.8036	0.000214389	0.000214374	0	0.000660403	2.4e-07	0.000274634	8.17486e-05	1.56
6	6000	1.46817	11.2951	0.000215326	0.000215397	0	0.000660789	2.4e-07	0.000275314	8.05314e-05	1.57
6	6000	1.46524	11.9072	0.000215443	0.000215231	0	0.00066082	2.4e-07	0.00027652	8.01943e-05	1.56
6	6000	1.4721	12.0235	0.000214926	0.000214954	0	0.000660646	2.4e-07	0.000276974	8.308e-05	1.57
7	7000	1.58333	13.5909	0.000239817	0.000240866	0	0.000674786	2.4e-07	0.000307834	9.70571e-05	1.69
7	7000	1.58045	13.4092	0.000240597	0.00024144	0	0.000674991	2.4e-07	0.000308483	9.90657e-05	1.68
7	7000	1.58794	14.5925	0.000239551	0.000240674	0	0.000674589	2.4e-07	0.000308206	0.0001098	1.68
7	7000	1.59232	14.3207	0.000239729	0.0002407	0	0.000674634	2.4e-07	0.000306923	0.000104811	1.69
7	7000	1.58629	13.8885	0.000240214	0.000241134	0	0.000674786	2.4e-07	0.000309217	0.000102526	1.68
7	7000	1.59352	14.2157	0.000240029	0.000241094	0	0.00067476	2.4e-07	0.000309226	0.000106311	1.69
7	7000	1.58545	13.6974	0.000239331	0.000240191	0	0.00067446	2.4e-07	0.000307991	0.000101483	1.68
7	7000	1.58134	13.6655	0.000240666	0.000241494	0	0.000674926	2.4e-07	0.000309111	9.73457e-05	1.68
7	7000	1.58013	13.7825	0.000239769	0.000240977	0	0.000674806	2.4e-07	0.000308157	9.836e-05	1.67
7	7000	1.602	14.2157	0.000240171	0.000241151	0	0.000674674	2.4e-07	0.000306746	0.000104771	1.69
8	8000	1.73973	16.5711	0.00027184	0.000273894	0	0.000692043	2.51429e-07	0.000347889	0.000133794	1.83
8	8000	1.73671	15.9664	0.000271494	0.000273429	0	0.000691814	2.51429e-07	0.00034974	0.000127929	1.83
8	8000	1.74241	15.7363	0.000272457	0.000274169	0	0.000692069	2.51429e-07	0.000350223	0.000126529	1.84
8	8000	1.73958	16.0281	0.000272351	0.000273911	0	0.000692029	2.51429e-07	0.000349069	0.000128529	1.84
8	8000	1.74444	15.6118	0.000271786	0.000273514	0	0.000691766	2.51429e-07	0.000349814	0.000124986	1.84
8	8000	1.73983	16.1953	0.000271646	0.000273323	0	0.000691751	2.51429e-07	0.000350426	0.00012926	1.84
8	8000	1.75201	16.3967	0.000271291	0.000273091	0	0.000691646	2.51429e-07	0.000348829	0.000133677	1.85
8	8000	1.73759	16.204	0.000272274	0.000273914	0	0.000691974	2.51429e-07	0.00035028	0.000129214	1.83
8	8000	1.74183	16.4316	0.000271586	0.000273223	0	0.000691626	2.51429e-07	0.000351237	0.000133149	1.83
8	8000	1.73356	16.318	0.000270649	0.000272886	0	0.000691589	2.51429e-07	0.000349037	0.000125983	1.84
9	9000	1.93399	18.6918	0.000309163	0.00031162	0	0.000711383	2.31429e-07	0.000398786	0.000166803	2.03
9	9000	1.92457	18.5594	0.000309231	0.000312174	0	0.000711643	2.31429e-07	0.000399029	0.000162731	2.02
9	9000	1.92565	18.3451	0.000309683	0.000312546	0	0.000711826	2.31429e-07	0.000396877	0.00016228	2.02
9	9000	1.9183	17.8457	0.000309634	0.000312683	0	0.000712003	2.31429e-07	0.000399494	0.00015466	2.01
9	9000	1.91689	18.4265	0.000309674	0.000312426	0	0.000711849	2.31429e-07	0.000396203	0.000159771	2.02
9	9000	1.92057	18.3451	0.000309769	0.000312674	0	0.000711843	2.31429e-07	0.0003977	0.000161583	2.01
9	9000	1.93296	19.152	0.000309043	0.000311523	0	0.000711443	2.31429e-07	0.000398251	0.000173426	2.03
9	9000	1.92362	18.7212	0.000309434	0.00031196	0	0.00071158	2.31429e-07	0.00039732	0.000165714	2.02
9	9000	1.91362	18.4709	0.000309714	0.000312254	0	0.000711774	2.31429e-07	0.000396926	0.000157997	2.01
9	9000	1.91662	18.2858	0.000310209	0.00031278	0	0.000712029	2.31429e-07	0.000398594	0.000161111	2.01
10	10000	2.13607	20.8923	0.000351903	0.000355106	0	0.000733509	2.28571e-07	0.000452377	0.000204911	2.23
10	10000	2.13273	20.9861	0.000352063	0.000355343	0	0.000733557	2.28571e-07	0.000451663	0.000204949	2.23
10	10000	2.12496	20.1406	0.000352606	0.000355831	0	0.000733749	2.28571e-07	0.000452626	0.000192989	2.22
10	10000	2.12348	20.2234	0.000352354	0.000355531	0	0.000733583	2.28571e-07	0.000453983	0.000196097	2.22
10	10000	2.12025	20.1087	0.000352331	0.00035544	0	0.000733557	2.28571e-07	0.00045376	0.000193329	2.22
10	10000	2.11642	20.1533	0.000352143	0.000355494	0	0.000733603	2.28571e-07	0.000451777	0.000191474	2.22
10	10000	2.13001	21.2288	0.000351866	0.000355106	0	0.000733486	2.28571e-07	0.000453294	0.000205246	2.24
10	10000	2.12314	20.5151	0.000352317	0.000355554	0	0.000733591	2.28571e-07	0.000453114	0.000196934	2.21
10	10000	2.12794	20.3948	0.000352457	0.000355946	0	0.000733826	2.28571e-07	0.000453346	0.000201423	2.22
10	10000	2.13232	20.5024	0.000352191	0.000355774	0	0.000733837	2.28571e-07	0.0004523	0.000197703	2.23
11	11000	2.34981	22.1018	0.000397951	0.000401991	0	0.000757034	2.51429e-07	0.000512074	0.000237	2.45
11	11000	2.34913	22.7908	0.000398654	0.000402209	0	0.000757003	2.51429e-07	0.000510891	0.00024642	2.44
11	11000	2.33919	22.3219	0.000398491	0.000402406	0	0.00075714	2.51429e-07	0.000512306	0.000239049	2.43
11	11000	2.34116	22.234	0.000397103	0.00040174	0	0.000756857	2.51429e-07	0.000510763	0.00023804	2.44
11	11000	2.34886	22.9584	0.000397086	0.000400517	0	0.000756271	2.51429e-07	0.000509657	0.000246377	2.45
11	11000	2.33671	22.4806	0.000397369	0.000401683	0	0.000756843	2.51429e-07	0.00051198	0.000236154	2.44
11	11000	2.3426	22.0798	0.000398534	0.000402311	0	0.000757129	2.51429e-07	0.000511457	0.000238903	2.44
11	11000	2.34301	22.168	0.000398291	0.000402146	0	0.000757029	2.51429e-07	0.000510451	0.000237749	2.44
11	11000	2.34142	22.3712	0.000398089	0.000401623	0	0.000756771	2.51429e-07	0.000511734	0.00023884	2.44
11	11000	2.33976	22.4314	0.000397817	0.000401371	0	0.000756626	2.51429e-07	0.000511426	0.000238049	2.44
12	12000	2.58752	24.4951	0.000445917	0.000449874	0	0.000781034	2.4e-07	0.000571766	0.000292243	2.69
12	12000	2.5668	24.3618	0.000447211	0.00045056	0	0.00078142	2.4e-07	0.000571469	0.000282243	2.66
12	12000	2.57711	24.6089	0.000445903	0.000449909	0	0.000781097	2.4e-07	0.000572917	0.000291986	2.68
12	12000	2.57515	24.3761	0.000445714	0.000450043	0	0.000781123	2.4e-07	0.000571526	0.000284854	2.67
12	12000	2.59955	24.7507	0.000444977	0.000449226	0	0.00078062	2.4e-07	0.000571494	0.0002995	2.70
12	12000	2.58356	24.5473	0.000445534	0.000449934	0	0.000781049	2.4e-07	0.000571854	0.000293817	2.69
12	12000	2.57212	24.5994	0.000445789	0.00044962	0	0.000781029	2.4e-07	0.000570694	0.000286943	2.67
12	12000	2.57249	24.3666	0.000446709	0.000449966	0	0.000781117	2.4e-07	0.000572274	0.000284723	2.67
12	12000	2.57415	24.533	0.00044554	0.000450149	0	0.00078122	2.4e-07	0.00057032	0.000289603	2.68
12	12000	2.57612	24.9249	0.000445309	0.00044948	0	0.000780923	2.4e-07	0.00057134	0.000289397	2.68
