N_THREADS	N_TRANSACTIONS	TIME	N_ABORTS	PROCESS_READ_TIME	PROCESS_WRITE_TIME	PROCESS_VALIDATION_TIME	PROCESS_OTHER_TIME	COMMIT_VALIDATION_TIME	COMMIT_OTHER_TIME	WASTED_TIME
1	1000	0.200641	0	1.76371e-05	1.75714e-05	0	2.03286e-05	2.51429e-07	3.07829e-05	2.41714e-06	0.28
1	1000	0.200632	0	1.76343e-05	1.75543e-05	0	2.034e-05	2.51429e-07	3.07914e-05	2.40857e-06	0.26
1	1000	0.200627	0	1.76343e-05	1.75714e-05	0	2.03171e-05	2.51429e-07	3.07914e-05	2.41714e-06	0.26
1	1000	0.200671	0	1.76457e-05	1.75743e-05	0	2.03286e-05	2.48571e-07	3.08057e-05	2.42e-06	0.26
1	1000	0.200633	0	1.76429e-05	1.75629e-05	0	2.03114e-05	2.51429e-07	3.07886e-05	2.41714e-06	0.26
1	1000	0.200615	0	1.76229e-05	1.75686e-05	0	2.03343e-05	2.51429e-07	3.07686e-05	2.41143e-06	0.26
1	1000	0.200666	0	1.76371e-05	1.75714e-05	0	2.03286e-05	2.48571e-07	3.07971e-05	2.41714e-06	0.26
1	1000	0.200635	0	1.764e-05	1.75571e-05	0	2.03314e-05	2.51429e-07	3.07886e-05	2.41429e-06	0.26
1	1000	0.200641	0	1.764e-05	1.75657e-05	0	2.03229e-05	2.48571e-07	3.07914e-05	2.42e-06	0.26
1	1000	0.200626	0	1.76429e-05	1.75629e-05	0	2.03171e-05	2.51429e-07	3.078e-05	2.41714e-06	0.26
2	2000	0.202992	0.645802	1.80514e-05	1.786e-05	0	2.064e-05	2.51429e-07	3.138e-05	2.76857e-06	0.29
2	2000	0.203798	1.38067	1.81086e-05	1.79629e-05	0	2.07229e-05	2.51429e-07	3.15714e-05	3.12857e-06	0.26
2	2000	0.203599	1.23457	1.80857e-05	1.79314e-05	0	2.07e-05	2.45714e-07	3.15514e-05	3.03714e-06	0.27
2	2000	0.202816	0.744417	1.79743e-05	1.78171e-05	0	2.06029e-05	2.51429e-07	3.13057e-05	2.8e-06	0.27
2	2000	0.202861	0.842836	1.798e-05	1.78343e-05	0	2.06286e-05	2.51429e-07	3.13686e-05	2.70571e-06	0.26
2	2000	0.202893	1.13693	1.79686e-05	1.78086e-05	0	2.06e-05	2.51429e-07	3.128e-05	2.95429e-06	0.26
2	2000	0.202444	0.299103	1.79371e-05	1.77771e-05	0	2.058e-05	2.51429e-07	3.12486e-05	2.60857e-06	0.26
2	2000	0.202126	0.249377	1.78286e-05	1.76914e-05	0	2.05229e-05	2.51429e-07	3.11314e-05	2.56286e-06	0.26
2	2000	0.202669	0.348779	1.79429e-05	1.78057e-05	0	2.06114e-05	2.51429e-07	3.13e-05	2.60286e-06	0.26
2	2000	0.203299	0.398406	1.81086e-05	1.79571e-05	0	2.06943e-05	2.51429e-07	3.15714e-05	2.66286e-06	0.26
3	3000	0.208927	2.18455	1.89257e-05	1.87629e-05	0	2.15171e-05	2.48571e-07	3.29057e-05	3.62571e-06	0.29
3	3000	0.207407	1.89666	1.876e-05	1.856e-05	0	2.13143e-05	2.48571e-07	3.25686e-05	3.41143e-06	0.27
3	3000	0.208865	3.50595	1.88257e-05	1.86571e-05	0	2.14229e-05	2.48571e-07	3.27057e-05	4.14e-06	0.27
3	3000	0.207161	1.92873	1.87086e-05	1.84571e-05	0	2.124e-05	2.48571e-07	3.24657e-05	3.42571e-06	0.27
3	3000	0.207931	2.62902	1.87857e-05	1.85657e-05	0	2.13629e-05	2.48571e-07	3.26086e-05	3.73143e-06	0.27
3	3000	0.208238	3.13206	1.87943e-05	1.85743e-05	0	2.132e-05	2.48571e-07	3.26057e-05	4.00286e-06	0.27
3	3000	0.208107	3.50595	1.87143e-05	1.84543e-05	0	2.12657e-05	2.48571e-07	3.25086e-05	4.10857e-06	0.27
3	3000	0.208149	2.37553	1.87886e-05	1.85771e-05	0	2.13457e-05	2.48571e-07	3.26486e-05	3.65143e-06	0.27
3	3000	0.207928	2.62902	1.87886e-05	1.85714e-05	0	2.13543e-05	2.48571e-07	3.26229e-05	3.65143e-06	0.27
3	3000	0.209346	3.81533	1.87914e-05	1.85857e-05	0	2.13629e-05	2.48571e-07	3.26514e-05	4.82e-06	0.27
4	4000	0.215858	4.82988	1.99114e-05	1.97057e-05	0	2.25229e-05	2.51429e-07	3.44257e-05	5.45714e-06	0.30
4	4000	0.216534	4.60291	2e-05	1.98086e-05	0	2.26343e-05	2.48571e-07	3.46371e-05	5.06857e-06	0.28
4	4000	0.214664	4.73922	1.98429e-05	1.95571e-05	0	2.23857e-05	2.51429e-07	3.42514e-05	5.05714e-06	0.28
4	4000	0.215686	5.37024	1.992e-05	1.96886e-05	0	2.25057e-05	2.45714e-07	3.44257e-05	5.34e-06	0.28
4	4000	0.215521	4.4662	2.00171e-05	1.97657e-05	0	2.25686e-05	2.51429e-07	3.45914e-05	5.03714e-06	0.28
4	4000	0.215937	4.30622	1.99029e-05	1.96971e-05	0	2.25029e-05	2.48571e-07	3.44829e-05	4.73714e-06	0.28
4	4000	0.215197	3.52147	2.00629e-05	1.98057e-05	0	2.26143e-05	2.48571e-07	3.46543e-05	4.47429e-06	0.28
4	4000	0.215103	4.69383	1.986e-05	1.96457e-05	0	2.24657e-05	2.51429e-07	3.43714e-05	4.90571e-06	0.28
4	4000	0.213869	3.82303	1.97343e-05	1.94829e-05	0	2.22971e-05	2.51429e-07	3.40886e-05	4.52571e-06	0.28
4	4000	0.21398	3.93852	1.96714e-05	1.94229e-05	0	2.22686e-05	2.48571e-07	3.40486e-05	4.9e-06	0.28
5	5000	0.225912	7.98675	2.13114e-05	2.10771e-05	0	2.39629e-05	2.42857e-07	3.66629e-05	7.60857e-06	0.31
5	5000	0.224962	6.19137	2.14229e-05	2.12229e-05	0	2.40657e-05	2.42857e-07	3.68571e-05	6.73429e-06	0.29
5	5000	0.226562	7.90201	2.14657e-05	2.12657e-05	0	2.41429e-05	2.42857e-07	3.69943e-05	7.66571e-06	0.29
5	5000	0.223554	5.96201	2.118e-05	2.094e-05	0	2.38571e-05	2.42857e-07	3.63914e-05	6.42857e-06	0.29
5	5000	0.226179	7.45882	2.14371e-05	2.12057e-05	0	2.40971e-05	2.42857e-07	3.68543e-05	7.34e-06	0.30
5	5000	0.22332	6.20897	2.11457e-05	2.086e-05	0	2.378e-05	2.42857e-07	3.63486e-05	6.68571e-06	0.29
5	5000	0.223251	6.0327	2.12257e-05	2.10143e-05	0	2.39171e-05	2.42857e-07	3.65743e-05	6.24857e-06	0.28
5	5000	0.223755	5.74929	2.12971e-05	2.11171e-05	0	2.398e-05	2.42857e-07	3.66886e-05	6.18857e-06	0.28
5	5000	0.225049	6.47213	2.138e-05	2.11486e-05	0	2.40429e-05	2.42857e-07	3.68e-05	6.85143e-06	0.29
5	5000	0.225867	7.57856	2.15257e-05	2.13171e-05	0	2.41657e-05	2.42857e-07	3.70457e-05	7.05714e-06	0.29
6	6000	0.240392	10.2334	2.35486e-05	2.33914e-05	0	2.62771e-05	2.4e-07	4.03457e-05	1.04029e-05	0.32
6	6000	0.23797	9.32447	2.34057e-05	2.32143e-05	0	2.61143e-05	2.4e-07	4.01371e-05	9.3e-06	0.30
6	6000	0.240974	10.1527	2.37086e-05	2.35829e-05	0	2.64114e-05	2.4e-07	4.06457e-05	1.05086e-05	0.31
6	6000	0.238169	9.96399	2.33486e-05	2.31314e-05	0	2.60971e-05	2.4e-07	4.00257e-05	1.00886e-05	0.30
6	6000	0.239106	9.62494	2.34971e-05	2.33057e-05	0	2.62229e-05	2.4e-07	4.02114e-05	9.36e-06	0.30
6	6000	0.23858	8.41093	2.35371e-05	2.33714e-05	0	2.62486e-05	2.4e-07	4.03343e-05	8.91429e-06	0.30
6	6000	0.239949	9.93696	2.34314e-05	2.328e-05	0	2.61971e-05	2.4e-07	4.00629e-05	1.00086e-05	0.30
6	6000	0.240698	10.3809	2.37771e-05	2.36771e-05	0	2.65371e-05	2.4e-07	4.06771e-05	1.04743e-05	0.30
6	6000	0.23831	9.52955	2.33971e-05	2.32171e-05	0	2.60914e-05	2.4e-07	4.00571e-05	9.46e-06	0.30
6	6000	0.239146	9.991	2.33886e-05	2.32086e-05	0	2.61229e-05	2.4e-07	4.002e-05	9.66857e-06	0.30
7	7000	0.257265	11.8388	2.65457e-05	2.64971e-05	0	2.93429e-05	2.4e-07	4.53029e-05	1.242e-05	0.35
7	7000	0.256165	10.3713	2.63429e-05	2.63e-05	0	2.91857e-05	2.4e-07	4.49286e-05	1.14914e-05	0.32
7	7000	0.260387	12.5874	2.64457e-05	2.63371e-05	0	2.91914e-05	2.4e-07	4.50771e-05	1.36857e-05	0.33
7	7000	0.260932	14.7485	2.65714e-05	2.64229e-05	0	2.93286e-05	2.4e-07	4.52086e-05	1.52943e-05	0.32
7	7000	0.260152	13.0867	2.65457e-05	2.656e-05	0	2.93829e-05	2.4e-07	4.53143e-05	1.35486e-05	0.32
7	7000	0.257201	11.2801	2.61857e-05	2.60914e-05	0	2.90029e-05	2.4e-07	4.47286e-05	1.20629e-05	0.32
7	7000	0.261046	12.5109	2.64057e-05	2.63629e-05	0	2.92286e-05	2.4e-07	4.50743e-05	1.35686e-05	0.33
7	7000	0.259957	12.6201	2.66143e-05	2.654e-05	0	2.94029e-05	2.4e-07	4.53257e-05	1.33714e-05	0.32
7	7000	0.260472	13.2912	2.64714e-05	2.62857e-05	0	2.91914e-05	2.4e-07	4.50143e-05	1.41714e-05	0.32
7	7000	0.260079	12.5983	2.66029e-05	2.65714e-05	0	2.93943e-05	2.4e-07	4.53114e-05	1.34686e-05	0.32
8	8000	0.286212	15.9576	3.048e-05	3.06029e-05	0	3.33286e-05	2.51429e-07	5.18571e-05	1.83771e-05	0.37
8	8000	0.286552	15.4066	3.03457e-05	3.03743e-05	0	3.31771e-05	2.51429e-07	5.15429e-05	1.81314e-05	0.35
8	8000	0.28297	15.2183	3.03886e-05	3.042e-05	0	3.32e-05	2.51429e-07	5.15886e-05	1.77886e-05	0.35
8	8000	0.288005	16.0898	3.06143e-05	3.072e-05	0	3.34257e-05	2.51429e-07	5.19429e-05	1.97971e-05	0.35
8	8000	0.282088	14.7212	3.02371e-05	3.03429e-05	0	3.31229e-05	2.51429e-07	5.14686e-05	1.68629e-05	0.35
8	8000	0.283722	14.8755	3.04086e-05	3.03886e-05	0	3.318e-05	2.51429e-07	5.17886e-05	1.74114e-05	0.34
8	8000	0.284564	14.9298	3.028e-05	3.03286e-05	0	3.31114e-05	2.51429e-07	5.13971e-05	1.80086e-05	0.35
8	8000	0.285114	14.9479	3.05629e-05	3.06e-05	0	3.33486e-05	2.51429e-07	5.19257e-05	1.81171e-05	0.36
8	8000	0.282199	13.6815	3.022e-05	3.02457e-05	0	3.30514e-05	2.51429e-07	5.12914e-05	1.60457e-05	0.35
8	8000	0.285902	16.1513	3.06743e-05	3.07714e-05	0	3.34657e-05	2.51429e-07	5.202e-05	1.86943e-05	0.35
9	9000	0.317201	18.3525	3.54086e-05	3.56829e-05	0	3.82343e-05	2.31429e-07	6.00943e-05	2.518e-05	0.40
9	9000	0.317372	17.9954	3.54571e-05	3.57229e-05	0	3.82229e-05	2.31429e-07	6.01914e-05	2.45286e-05	0.39
9	9000	0.316131	18.6845	3.54286e-05	3.58171e-05	0	3.83e-05	2.31429e-07	6.01286e-05	2.45514e-05	0.39
9	9000	0.316352	18.5373	3.54171e-05	3.56857e-05	0	3.82143e-05	2.31429e-07	6.00771e-05	2.43543e-05	0.38
9	9000	0.318406	17.5069	3.52914e-05	3.56286e-05	0	3.81714e-05	2.31429e-07	5.99229e-05	2.34486e-05	0.38
9	9000	0.31741	18.8092	3.54943e-05	3.57486e-05	0	3.82914e-05	2.31429e-07	6.01829e-05	2.47114e-05	0.39
9	9000	0.31939	19.5998	3.54743e-05	3.58314e-05	0	3.83286e-05	2.31429e-07	6.01514e-05	2.628e-05	0.39
9	9000	0.318548	18.5447	3.528e-05	3.55771e-05	0	3.81686e-05	2.31429e-07	6.00714e-05	2.54114e-05	0.39
9	9000	0.317706	18.7286	3.53971e-05	3.56971e-05	0	3.82371e-05	2.31429e-07	6.00886e-05	2.55886e-05	0.39
9	9000	0.316394	18.4339	3.54314e-05	3.56971e-05	0	3.82371e-05	2.31429e-07	6.008e-05	2.44057e-05	0.38
10	10000	0.351842	19.3418	4.10771e-05	4.15343e-05	0	4.37629e-05	2.28571e-07	6.95571e-05	2.96286e-05	0.44
10	10000	0.356143	21.1667	4.10029e-05	4.142e-05	0	4.37286e-05	2.28571e-07	6.96086e-05	3.25571e-05	0.42
10	10000	0.359153	22.9406	4.11857e-05	4.168e-05	0	4.38629e-05	2.28571e-07	6.96743e-05	3.55943e-05	0.42
10	10000	0.357888	22.6844	4.11314e-05	4.15057e-05	0	4.37629e-05	2.28571e-07	6.95057e-05	3.44886e-05	0.43
10	10000	0.354292	20.836	4.10171e-05	4.14914e-05	0	4.378e-05	2.28571e-07	6.94857e-05	3.224e-05	0.43
10	10000	0.358647	22.5167	4.12229e-05	4.16543e-05	0	4.38486e-05	2.28571e-07	6.95914e-05	3.488e-05	0.42
10	10000	0.35775	23.2128	4.116e-05	4.16829e-05	0	4.388e-05	2.28571e-07	6.96343e-05	3.50743e-05	0.43
10	10000	0.354349	20.9923	4.12086e-05	4.16571e-05	0	4.38714e-05	2.28571e-07	6.96229e-05	3.24257e-05	0.41
10	10000	0.363462	23.3834	4.10486e-05	4.15514e-05	0	4.37743e-05	2.28571e-07	6.95286e-05	3.65771e-05	0.43
10	10000	0.353484	20.5593	4.11714e-05	4.152e-05	0	4.37829e-05	2.28571e-07	6.95571e-05	3.16743e-05	0.42
11	11000	0.397586	25.3984	4.71486e-05	4.77286e-05	0	4.96829e-05	2.51429e-07	7.95886e-05	4.39971e-05	0.49
11	11000	0.39853	25.5197	4.72543e-05	4.78257e-05	0	4.97286e-05	2.51429e-07	7.96571e-05	4.44857e-05	0.46
11	11000	0.395476	24.3362	4.70629e-05	4.77829e-05	0	4.96486e-05	2.51429e-07	7.94914e-05	4.22771e-05	0.46
11	11000	0.399656	25.4237	4.70514e-05	4.75829e-05	0	4.95486e-05	2.51429e-07	7.94429e-05	4.45771e-05	0.46
11	11000	0.399666	25.876	4.72743e-05	4.77943e-05	0	4.97257e-05	2.51429e-07	7.97429e-05	4.55514e-05	0.46
11	11000	0.397453	25.0528	4.716e-05	4.78143e-05	0	4.96429e-05	2.51429e-07	7.96114e-05	4.38114e-05	0.47
11	11000	0.402025	26.9879	4.73571e-05	4.79543e-05	0	4.98286e-05	2.51429e-07	7.98857e-05	4.75771e-05	0.46
11	11000	0.398256	24.889	4.728e-05	4.79229e-05	0	4.98e-05	2.51429e-07	7.96829e-05	4.40314e-05	0.47
11	11000	0.402361	26.8471	4.74114e-05	4.79943e-05	0	4.984e-05	2.51429e-07	7.98314e-05	4.78143e-05	0.46
11	11000	0.40228	25.4793	4.71714e-05	4.78029e-05	0	4.972e-05	2.51429e-07	7.97029e-05	4.56629e-05	0.47
12	12000	0.445636	29.2703	5.34943e-05	5.42686e-05	0	5.57886e-05	2.4e-07	9.006e-05	5.91914e-05	0.53
12	12000	0.448743	29.3661	5.34257e-05	5.41314e-05	0	5.57029e-05	2.4e-07	9.00171e-05	6.06629e-05	0.51
12	12000	0.450923	30.192	5.33e-05	5.41971e-05	0	5.57e-05	2.4e-07	8.98343e-05	6.20343e-05	0.52
12	12000	0.443965	28.2769	5.33257e-05	5.41314e-05	0	5.56543e-05	2.4e-07	8.97629e-05	5.62886e-05	0.50
12	12000	0.441475	28.6691	5.34e-05	5.41571e-05	0	5.572e-05	2.4e-07	9e-05	5.59029e-05	0.51
12	12000	0.443455	28.3325	5.33857e-05	5.418e-05	0	5.57743e-05	2.4e-07	8.99886e-05	5.72971e-05	0.51
12	12000	0.449569	29.1826	5.31943e-05	5.39857e-05	0	5.55829e-05	2.4e-07	8.97543e-05	5.95743e-05	0.52
12	12000	0.443815	28.3111	5.31714e-05	5.39571e-05	0	5.55686e-05	2.4e-07	8.95457e-05	5.70314e-05	0.51
12	12000	0.438575	27.2771	5.33457e-05	5.40429e-05	0	5.56343e-05	2.4e-07	8.98571e-05	5.24171e-05	0.51
12	12000	0.440339	28.5842	5.32114e-05	5.40314e-05	0	5.56343e-05	2.4e-07	8.988e-05	5.58571e-05	0.50
