N_THREADS	N_TRANSACTIONS	TIME	N_ABORTS	PROCESS_READ_TIME	PROCESS_WRITE_TIME	PROCESS_VALIDATION_TIME	PROCESS_OTHER_TIME	COMMIT_VALIDATION_TIME	COMMIT_OTHER_TIME	WASTED_TIME
1	1000	0.761821	0	6.33886e-05	5.05629e-05	0	0.000586069	2.48571e-07	5.85257e-05	1.13143e-06	0.88
1	1000	0.761903	0	6.34029e-05	5.05714e-05	0	0.000586094	2.51429e-07	5.85571e-05	1.13143e-06	0.85
1	1000	0.761975	0	6.34086e-05	5.05686e-05	0	0.000586123	2.51429e-07	5.85971e-05	1.13143e-06	0.86
1	1000	0.761905	0	6.34057e-05	5.05657e-05	0	0.000586106	2.48571e-07	5.85514e-05	1.13143e-06	0.85
1	1000	0.76194	0	6.34029e-05	5.05657e-05	0	0.000586117	2.51429e-07	5.85743e-05	1.13143e-06	0.86
1	1000	0.761833	0	6.33714e-05	5.05657e-05	0	0.000586057	2.51429e-07	5.856e-05	1.13429e-06	0.86
1	1000	0.761844	0	6.33914e-05	5.05629e-05	0	0.000586066	2.51429e-07	5.85429e-05	1.13429e-06	0.85
1	1000	0.761789	0	6.33886e-05	5.05686e-05	0	0.000586043	2.48571e-07	5.85143e-05	1.13143e-06	0.86
1	1000	0.761852	0	6.33971e-05	5.05657e-05	0	0.000586063	2.48571e-07	5.85514e-05	1.13143e-06	0.86
1	1000	0.761896	0	6.33971e-05	5.05629e-05	0	0.000586097	2.51429e-07	5.85571e-05	1.13429e-06	0.85
2	2000	0.773231	2.72374	6.344e-05	5.056e-05	0	0.000586114	2.51429e-07	5.85429e-05	1.208e-05	0.88
2	2000	0.774749	3.00679	6.34114e-05	5.05514e-05	0	0.000586109	2.51429e-07	5.85514e-05	1.39057e-05	0.87
2	2000	0.772598	2.48659	6.34286e-05	5.05543e-05	0	0.000586089	2.51429e-07	5.85457e-05	1.074e-05	0.86
2	2000	0.774118	2.81827	6.34343e-05	5.05571e-05	0	0.000586146	2.48571e-07	5.85743e-05	1.28171e-05	0.87
2	2000	0.774096	2.6764	6.34229e-05	5.05657e-05	0	0.00058618	2.48571e-07	5.85743e-05	1.27229e-05	0.87
2	2000	0.774233	2.72374	6.34714e-05	5.05686e-05	0	0.000586237	2.45714e-07	5.86486e-05	1.30514e-05	0.87
2	2000	0.77399	2.72374	6.34429e-05	5.05571e-05	0	0.000586097	2.51429e-07	5.85486e-05	1.21457e-05	0.87
2	2000	0.773312	2.58159	6.344e-05	5.05657e-05	0	0.000586194	2.51429e-07	5.85457e-05	1.10257e-05	0.87
2	2000	0.773318	2.72374	6.342e-05	5.05543e-05	0	0.000586086	2.48571e-07	5.85343e-05	1.17657e-05	0.87
2	2000	0.773451	2.6764	6.34229e-05	5.05657e-05	0	0.000586189	2.51429e-07	5.85486e-05	1.17743e-05	0.85
3	3000	0.788333	5.66038	6.35114e-05	5.05657e-05	0	0.000586257	2.48571e-07	5.858e-05	2.39143e-05	0.90
3	3000	0.787549	5.60101	6.34629e-05	5.05571e-05	0	0.00058614	2.48571e-07	5.85686e-05	2.38857e-05	0.86
3	3000	0.787631	5.77889	6.35e-05	5.058e-05	0	0.000586254	2.48571e-07	5.86343e-05	2.50543e-05	0.88
3	3000	0.787488	5.45225	6.34486e-05	5.05543e-05	0	0.000586111	2.48571e-07	5.85543e-05	2.42229e-05	0.88
3	3000	0.787751	5.71967	6.35486e-05	5.05771e-05	0	0.000586257	2.48571e-07	5.86543e-05	2.55714e-05	0.88
3	3000	0.784758	5.33291	6.34943e-05	5.056e-05	0	0.000586106	2.48571e-07	5.85771e-05	2.17886e-05	0.87
3	3000	0.78565	5.30303	6.348e-05	5.05714e-05	0	0.000586231	2.48571e-07	5.86514e-05	2.276e-05	0.88
3	3000	0.785927	5.69003	6.35086e-05	5.05686e-05	0	0.000586203	2.48571e-07	5.86143e-05	2.34914e-05	0.87
3	3000	0.78621	5.66038	6.35314e-05	5.05571e-05	0	0.00058622	2.48571e-07	5.86114e-05	2.32486e-05	0.88
3	3000	0.788411	5.6307	6.34886e-05	5.05686e-05	0	0.000586189	2.48571e-07	5.86e-05	2.40086e-05	0.88
4	4000	0.798206	7.68521	6.35743e-05	5.05714e-05	0	0.000586309	2.48571e-07	5.864e-05	3.42486e-05	0.91
4	4000	0.800649	8.02483	6.35343e-05	5.05629e-05	0	0.000586314	2.45714e-07	5.86629e-05	3.57371e-05	0.89
4	4000	0.795527	7.34306	6.35343e-05	5.05629e-05	0	0.000586303	2.48571e-07	5.86286e-05	3.13686e-05	0.88
4	4000	0.800453	7.45025	6.35343e-05	5.05629e-05	0	0.000586289	2.51429e-07	5.86486e-05	3.25486e-05	0.89
4	4000	0.795875	7.62125	6.35457e-05	5.05629e-05	0	0.00058632	2.48571e-07	5.86657e-05	3.18457e-05	0.88
4	4000	0.79709	7.45025	6.356e-05	5.05686e-05	0	0.0005863	2.45714e-07	5.86514e-05	3.38229e-05	0.89
4	4000	0.802135	7.81286	6.35314e-05	5.05714e-05	0	0.000586306	2.48571e-07	5.86486e-05	3.42086e-05	0.89
4	4000	0.794358	7.64258	6.35543e-05	5.05743e-05	0	0.000586306	2.45714e-07	5.86486e-05	3.15171e-05	0.89
4	4000	0.801251	7.10636	6.35771e-05	5.05686e-05	0	0.000586314	2.42857e-07	5.86457e-05	3.00371e-05	0.90
4	4000	0.802946	7.89777	6.35143e-05	5.05629e-05	0	0.000586309	2.48571e-07	5.866e-05	3.56629e-05	0.90
5	5000	0.808809	10.1527	6.35686e-05	5.05686e-05	0	0.000586363	2.42857e-07	5.86829e-05	4.36114e-05	0.92
5	5000	0.807041	10.2173	6.35914e-05	5.05686e-05	0	0.00058632	2.42857e-07	5.86714e-05	4.37714e-05	0.91
5	5000	0.81561	10.6345	6.35657e-05	5.05743e-05	0	0.000586311	2.42857e-07	5.86914e-05	4.54914e-05	0.91
5	5000	0.81704	10.7143	6.36e-05	5.05714e-05	0	0.000586366	2.42857e-07	5.87e-05	4.82e-05	0.91
5	5000	0.807044	10.0719	6.356e-05	5.05571e-05	0	0.000586346	2.42857e-07	5.86829e-05	4.31229e-05	0.90
5	5000	0.811103	10.2656	6.36429e-05	5.05743e-05	0	0.000586346	2.42857e-07	5.86829e-05	4.50486e-05	0.90
5	5000	0.80865	9.79614	6.35886e-05	5.05686e-05	0	0.00058632	2.42857e-07	5.87086e-05	4.35514e-05	0.91
5	5000	0.812188	10.4424	6.36171e-05	5.05686e-05	0	0.000586346	2.42857e-07	5.868e-05	4.44029e-05	0.90
5	5000	0.811913	10.2334	6.35714e-05	5.05714e-05	0	0.000586326	2.42857e-07	5.86971e-05	4.55857e-05	0.91
5	5000	0.811554	10.4103	6.35771e-05	5.05686e-05	0	0.000586326	2.42857e-07	5.86571e-05	4.62886e-05	0.91
6	6000	0.823847	12.0364	6.364e-05	5.05771e-05	0	0.000586457	2.4e-07	5.87371e-05	5.39114e-05	0.93
6	6000	0.825364	12.3448	6.36229e-05	5.05629e-05	0	0.000586286	2.4e-07	5.87086e-05	5.66657e-05	0.92
6	6000	0.820595	11.8295	6.36886e-05	5.05829e-05	0	0.00058642	2.4e-07	5.87057e-05	5.426e-05	0.91
6	6000	0.820132	12.0106	6.36257e-05	5.05629e-05	0	0.00058634	2.4e-07	5.87057e-05	5.49143e-05	0.91
6	6000	0.823179	12.1008	6.36686e-05	5.05743e-05	0	0.000586331	2.4e-07	5.86914e-05	5.61743e-05	0.91
6	6000	0.821119	12.0235	6.36286e-05	5.05657e-05	0	0.000586383	2.4e-07	5.87057e-05	5.612e-05	0.91
6	6000	0.820397	11.8813	6.36286e-05	5.05714e-05	0	0.00058644	2.4e-07	5.86971e-05	5.57886e-05	0.92
6	6000	0.822237	11.9977	6.372e-05	5.05829e-05	0	0.000586451	2.4e-07	5.87629e-05	5.59229e-05	0.91
6	6000	0.823743	11.8813	6.36371e-05	5.058e-05	0	0.000586466	2.4e-07	5.87486e-05	5.30143e-05	0.91
6	6000	0.821021	12.3063	6.36314e-05	5.05714e-05	0	0.000586463	2.4e-07	5.874e-05	5.578e-05	0.92
7	7000	0.838137	14.4568	6.37314e-05	5.05829e-05	0	0.000586531	2.4e-07	5.87686e-05	6.74286e-05	0.94
7	7000	0.838117	14.7381	6.36886e-05	5.05771e-05	0	0.000586523	2.4e-07	5.87543e-05	6.88486e-05	0.93
7	7000	0.83547	14.9453	6.364e-05	5.05714e-05	0	0.000586343	2.4e-07	5.87343e-05	6.828e-05	0.93
7	7000	0.834388	14.4463	6.36971e-05	5.05743e-05	0	0.000586377	2.4e-07	5.87629e-05	6.62371e-05	0.93
7	7000	0.831049	14.1104	6.37171e-05	5.05886e-05	0	0.000586497	2.4e-07	5.87714e-05	6.55514e-05	0.93
7	7000	0.840155	14.6966	6.36829e-05	5.05714e-05	0	0.000586383	2.4e-07	5.87629e-05	6.84914e-05	0.93
7	7000	0.834559	14.4045	6.37143e-05	5.05743e-05	0	0.000586449	2.4e-07	5.87714e-05	6.66314e-05	0.95
7	7000	0.831284	14.2682	6.36771e-05	5.05829e-05	0	0.000586397	2.4e-07	5.87371e-05	6.65457e-05	0.92
7	7000	0.832732	14.2472	6.36886e-05	5.058e-05	0	0.0005865	2.4e-07	5.88114e-05	6.52914e-05	0.93
7	7000	0.83663	14.3417	6.37457e-05	5.058e-05	0	0.000586449	2.4e-07	5.876e-05	6.75829e-05	0.94
8	8000	0.849229	16.2216	6.37457e-05	5.05829e-05	0	0.000586534	2.51429e-07	5.88057e-05	7.75171e-05	0.96
8	8000	0.848116	16.6232	6.37829e-05	5.05886e-05	0	0.000586531	2.42857e-07	5.88114e-05	7.98286e-05	0.94
8	8000	0.845459	16.6493	6.37743e-05	5.05857e-05	0	0.000586546	2.45714e-07	5.882e-05	7.93457e-05	0.94
8	8000	0.849044	16.9349	6.37057e-05	5.05886e-05	0	0.000586534	2.51429e-07	5.88286e-05	8.11714e-05	0.95
8	8000	0.849495	16.5101	6.37914e-05	5.06e-05	0	0.000586551	2.48571e-07	5.88514e-05	8.09143e-05	0.94
8	8000	0.849141	16.353	6.37943e-05	5.05914e-05	0	0.00058656	2.45714e-07	5.88657e-05	7.85943e-05	0.94
8	8000	0.849952	16.8831	6.37914e-05	5.05914e-05	0	0.000586486	2.48571e-07	5.88429e-05	7.98057e-05	0.96
8	8000	0.851624	16.6667	6.37743e-05	5.05943e-05	0	0.000586511	2.51429e-07	5.87971e-05	8.052e-05	0.95
8	8000	0.851591	16.2391	6.37371e-05	5.05771e-05	0	0.000586377	2.45714e-07	5.87857e-05	7.606e-05	0.95
8	8000	0.845134	16.5885	6.376e-05	5.05829e-05	0	0.000586506	2.45714e-07	5.87971e-05	7.62771e-05	0.94
9	9000	0.859176	18.3748	6.38343e-05	5.06e-05	0	0.000586671	2.31429e-07	5.886e-05	8.95543e-05	0.97
9	9000	0.864085	18.4856	6.38457e-05	5.06e-05	0	0.000586663	2.31429e-07	5.89029e-05	9.11114e-05	0.96
9	9000	0.867229	19.072	6.38314e-05	5.05914e-05	0	0.00058664	2.31429e-07	5.888e-05	9.25229e-05	0.97
9	9000	0.864274	18.7652	6.38114e-05	5.05857e-05	0	0.00058662	2.31429e-07	5.88714e-05	9.006e-05	0.96
9	9000	0.861065	18.3599	6.38571e-05	5.06e-05	0	0.000586594	2.31429e-07	5.89029e-05	8.70486e-05	0.95
9	9000	0.862967	18.7212	6.38114e-05	5.05943e-05	0	0.000586614	2.31429e-07	5.88829e-05	9.12514e-05	0.96
9	9000	0.86106	18.6845	6.38143e-05	5.05914e-05	0	0.000586629	2.31429e-07	5.888e-05	9.17429e-05	0.96
9	9000	0.854897	18.6845	6.38143e-05	5.05857e-05	0	0.000586614	2.31429e-07	5.88829e-05	8.88543e-05	0.94
9	9000	0.858687	18.8531	6.37914e-05	5.06e-05	0	0.000586629	2.31429e-07	5.88829e-05	8.92029e-05	0.95
9	9000	0.860463	18.7652	6.38286e-05	5.05857e-05	0	0.000586597	2.31429e-07	5.88943e-05	8.93e-05	0.95
10	10000	0.870573	20.6664	6.38657e-05	5.06029e-05	0	0.000586769	2.28571e-07	5.88857e-05	9.97114e-05	0.98
10	10000	0.867268	20.4138	6.39057e-05	5.06057e-05	0	0.000586757	2.28571e-07	5.894e-05	9.75086e-05	0.96
10	10000	0.873369	20.6727	6.38457e-05	5.06086e-05	0	0.000586769	2.28571e-07	5.89143e-05	9.98514e-05	0.97
10	10000	0.874285	20.9549	6.38886e-05	5.06114e-05	0	0.000586746	2.28571e-07	5.89457e-05	0.000102889	0.97
10	10000	0.873438	20.6223	6.38629e-05	5.06114e-05	0	0.000586777	2.28571e-07	5.89371e-05	0.000101023	0.97
10	10000	0.870959	20.3568	6.39171e-05	5.06086e-05	0	0.00058674	2.28571e-07	5.89143e-05	9.70914e-05	0.96
10	10000	0.878133	20.1979	6.38943e-05	5.06057e-05	0	0.00058676	2.28571e-07	5.89257e-05	9.84686e-05	0.97
10	10000	0.87508	21.0048	6.39e-05	5.06057e-05	0	0.000586757	2.28571e-07	5.89229e-05	0.00010202	0.97
10	10000	0.871912	20.4265	6.38971e-05	5.06029e-05	0	0.000586817	2.28571e-07	5.89114e-05	9.88257e-05	0.97
10	10000	0.87792	20.723	6.38743e-05	5.05971e-05	0	0.000586714	2.28571e-07	5.89e-05	0.000101531	0.98
11	11000	0.890511	22.4752	6.38829e-05	5.06257e-05	0	0.000587043	2.48571e-07	5.89286e-05	0.000112131	1.00
11	11000	0.88445	22.5461	6.396e-05	5.06257e-05	0	0.000587043	2.51429e-07	5.89314e-05	0.0001124	1.01
11	11000	0.885371	22.5625	6.39486e-05	5.06257e-05	0	0.000586986	2.45714e-07	5.89371e-05	0.000111463	0.99
11	11000	0.885266	22.557	6.39371e-05	5.06257e-05	0	0.000587029	2.45714e-07	5.89429e-05	0.00011288	1.01
11	11000	0.883312	22.5243	6.39286e-05	5.06314e-05	0	0.000587023	2.42857e-07	5.89657e-05	0.000111817	0.99
11	11000	0.886775	22.6496	6.39457e-05	5.06286e-05	0	0.000587037	2.51429e-07	5.89343e-05	0.000114251	1.00
11	11000	0.891491	22.4369	6.39457e-05	5.06229e-05	0	0.000587014	2.51429e-07	5.89314e-05	0.000113091	1.01
11	11000	0.882644	22.234	6.398e-05	5.06257e-05	0	0.000587034	2.42857e-07	5.89486e-05	0.000109283	0.99
11	11000	0.88809	22.6822	6.39086e-05	5.06257e-05	0	0.000587046	2.51429e-07	5.89343e-05	0.000113166	1.00
11	11000	0.887073	22.7691	6.39686e-05	5.06257e-05	0	0.000587023	2.48571e-07	5.89314e-05	0.000114491	1.01
12	12000	0.969214	24.8167	6.86971e-05	5.46514e-05	0	0.000633749	2.4e-07	6.32543e-05	0.000135374	1.08
12	12000	0.973258	25.0656	6.87829e-05	5.46857e-05	0	0.000634166	2.4e-07	6.328e-05	0.000139957	1.09
12	12000	0.969136	24.9578	6.86714e-05	5.46543e-05	0	0.000633774	2.4e-07	6.32543e-05	0.000136783	1.07
12	12000	0.975083	24.2137	6.87457e-05	5.46829e-05	0	0.00063416	2.4e-07	6.32886e-05	0.000135897	1.09
12	12000	0.964689	24.0843	6.87343e-05	5.46686e-05	0	0.000634077	2.4e-07	6.32857e-05	0.000131734	1.08
12	12000	0.967159	24.5994	6.87086e-05	5.46371e-05	0	0.000633566	2.4e-07	6.32429e-05	0.000134297	1.08
12	12000	0.961959	24.6184	6.87171e-05	5.46743e-05	0	0.000634051	2.4e-07	6.328e-05	0.000132983	1.09
12	12000	0.972548	24.6042	6.868e-05	5.45943e-05	0	0.000633169	2.4e-07	6.32e-05	0.000133874	1.09
12	12000	0.969921	25.1263	6.87886e-05	5.46886e-05	0	0.00063418	2.4e-07	6.328e-05	0.000138509	1.09
12	12000	0.972201	24.4428	6.872e-05	5.466e-05	0	0.000633734	2.4e-07	6.32429e-05	0.000133754	1.09
