N_THREADS	N_TRANSACTIONS	TIME	N_ABORTS	PROCESS_READ_TIME	PROCESS_WRITE_TIME	PROCESS_VALIDATION_TIME	PROCESS_OTHER_TIME	COMMIT_VALIDATION_TIME	COMMIT_OTHER_TIME	WASTED_TIME
1	100	0.010142	0	1.66057e-05	1.9e-06	0	1.522e-05	2.51429e-07	7.50286e-06	1.2e-06
1	100	0.0101436	0	1.66057e-05	1.90857e-06	0	1.52343e-05	2.48571e-07	7.50571e-06	1.19143e-06
1	100	0.0101451	0	1.66143e-05	1.91143e-06	0	1.524e-05	2.48571e-07	7.50857e-06	1.19143e-06
1	100	0.0101407	0	1.65886e-05	1.90286e-06	0	1.52229e-05	2.48571e-07	7.50571e-06	1.19714e-06
1	100	0.0101424	0	1.65886e-05	1.90857e-06	0	1.52371e-05	2.51429e-07	7.50286e-06	1.19143e-06
1	100	0.0101417	0	1.66086e-05	1.89143e-06	0	1.52257e-05	2.54286e-07	7.49714e-06	1.2e-06
1	100	0.0101426	0	1.66086e-05	1.90857e-06	0	1.522e-05	2.48571e-07	7.50286e-06	1.19143e-06
1	100	0.0101423	0	1.66086e-05	1.89714e-06	0	1.52229e-05	2.51429e-07	7.5e-06	1.19429e-06
1	100	0.0101417	0	1.65943e-05	1.90286e-06	0	1.52229e-05	2.48571e-07	7.50857e-06	1.19714e-06
1	100	0.0101455	0	1.66086e-05	1.90571e-06	0	1.524e-05	2.48571e-07	7.50571e-06	1.18857e-06
2	200	0.0112306	14.8936	1.82e-05	1.98e-06	0	1.606e-05	2.51429e-07	8.82857e-06	7.48e-06
2	200	0.0112323	14.5299	1.82743e-05	1.98571e-06	0	1.606e-05	2.51429e-07	8.89714e-06	7.34286e-06
2	200	0.0111826	13.7931	1.82514e-05	1.97714e-06	0	1.60771e-05	2.45714e-07	8.79143e-06	6.91714e-06
2	200	0.0109481	9.90991	1.81886e-05	1.97143e-06	0	1.60486e-05	2.48571e-07	8.84857e-06	4.66e-06
2	200	0.0109435	9.90991	1.81771e-05	1.97714e-06	0	1.60486e-05	2.45714e-07	8.81714e-06	4.66286e-06
2	200	0.0109434	9.50226	1.826e-05	1.97714e-06	0	1.60371e-05	2.48571e-07	8.89143e-06	4.50571e-06
2	200	0.010943	9.50226	1.82457e-05	1.97714e-06	0	1.60371e-05	2.51429e-07	8.90571e-06	4.50857e-06
2	200	0.0109458	9.90991	1.81914e-05	1.97714e-06	0	1.60371e-05	2.51429e-07	8.83143e-06	4.66e-06
2	200	0.0109446	9.90991	1.81886e-05	1.97429e-06	0	1.60314e-05	2.51429e-07	8.80857e-06	4.67143e-06
2	200	0.0114295	15.9664	1.81943e-05	1.98857e-06	0	1.61114e-05	2.48571e-07	8.78571e-06	8.28571e-06
3	300	0.0122151	23.4694	1.936e-05	2.13714e-06	0	1.66943e-05	2.48571e-07	9.81143e-06	1.36229e-05
3	300	0.0120841	23.6641	1.94114e-05	2.14e-06	0	1.67229e-05	2.48571e-07	9.96286e-06	1.25457e-05
3	300	0.0119673	21.466	1.92943e-05	2.13714e-06	0	1.66629e-05	2.48571e-07	9.74286e-06	1.08143e-05
3	300	0.0118658	20.2128	1.92657e-05	2.14e-06	0	1.66743e-05	2.48571e-07	9.76857e-06	1.04514e-05
3	300	0.0122302	25.187	1.94543e-05	2.12571e-06	0	1.668e-05	2.48571e-07	9.97429e-06	1.42e-05
3	300	0.0118178	21.875	1.94714e-05	2.13714e-06	0	1.67286e-05	2.48571e-07	9.92571e-06	1.14286e-05
3	300	0.0117576	19.7861	1.936e-05	2.13429e-06	0	1.66771e-05	2.48571e-07	9.87143e-06	9.55714e-06
3	300	0.0118476	20.8443	1.94771e-05	2.14286e-06	0	1.67457e-05	2.48571e-07	9.84571e-06	1.08657e-05
3	300	0.012062	21.875	1.94857e-05	2.14e-06	0	1.67e-05	2.48571e-07	9.92857e-06	1.23371e-05
3	300	0.0118908	22.0779	1.94257e-05	2.13143e-06	0	1.66771e-05	2.48571e-07	9.92571e-06	1.08257e-05
4	400	0.0134819	36.6086	2.01371e-05	2.15143e-06	0	1.69486e-05	2.48571e-07	1.04971e-05	2.16486e-05
4	400	0.0131109	36.7089	2.00343e-05	2.13714e-06	0	1.68457e-05	2.45714e-07	1.052e-05	2.10943e-05
4	400	0.0135266	35.7945	1.99086e-05	2.13429e-06	0	1.68286e-05	2.45714e-07	1.03514e-05	2.12629e-05
4	400	0.0129774	36.3057	1.98571e-05	2.11714e-06	0	1.678e-05	2.48571e-07	1.03057e-05	1.99029e-05
4	400	0.0135183	37.8882	2.00171e-05	2.11714e-06	0	1.68886e-05	2.42857e-07	1.03171e-05	2.19943e-05
4	400	0.0137055	39.8496	2.01429e-05	2.16286e-06	0	1.69686e-05	2.51429e-07	1.04029e-05	2.47343e-05
4	400	0.0132424	35.2751	1.99429e-05	2.13429e-06	0	1.68571e-05	2.45714e-07	1.03571e-05	2.07486e-05
4	400	0.0126551	31.7406	2.01143e-05	2.14e-06	0	1.688e-05	2.48571e-07	1.05229e-05	1.67571e-05
4	400	0.0139319	39.4856	2.002e-05	2.15143e-06	0	1.69286e-05	2.48571e-07	1.03143e-05	2.57114e-05
4	400	0.0136131	37.6947	2.01571e-05	2.14e-06	0	1.69143e-05	2.48571e-07	1.05086e-05	2.56086e-05
5	500	0.0158696	47.9167	2.09971e-05	2.20571e-06	0	1.73429e-05	2.45714e-07	1.10429e-05	3.56371e-05
5	500	0.0169026	48.4004	2.11943e-05	2.25429e-06	0	1.75514e-05	2.42857e-07	1.11029e-05	3.93514e-05
5	500	0.0173805	49.7992	2.10743e-05	2.23143e-06	0	1.75143e-05	2.42857e-07	1.108e-05	4.09771e-05
5	500	0.0153109	45.6522	2.122e-05	2.22e-06	0	1.74629e-05	2.42857e-07	1.12286e-05	3.29657e-05
5	500	0.0149849	45.6522	2.102e-05	2.22857e-06	0	1.73029e-05	2.42857e-07	1.11771e-05	3.46514e-05
5	500	0.0160953	47.8079	2.08543e-05	2.15143e-06	0	1.73057e-05	2.42857e-07	1.10571e-05	3.71886e-05
5	500	0.0158294	49.3927	2.08543e-05	2.23143e-06	0	1.72914e-05	2.42857e-07	1.09886e-05	4.00171e-05
5	500	0.0148446	46.0043	2.106e-05	2.22571e-06	0	1.73743e-05	2.42857e-07	1.12343e-05	3.52e-05
5	500	0.0178848	50.7874	2.098e-05	2.24286e-06	0	1.74343e-05	2.42857e-07	1.10943e-05	4.292e-05
5	500	0.016569	50.495	2.116e-05	2.23429e-06	0	1.75086e-05	2.42857e-07	1.11629e-05	4.25686e-05
6	600	0.0191235	55.3903	2.28371e-05	2.33143e-06	0	1.85114e-05	2.4e-07	1.21486e-05	5.44771e-05
6	600	0.0211733	56.1404	2.21543e-05	2.29143e-06	0	1.806e-05	2.4e-07	1.17657e-05	5.756e-05
6	600	0.0201256	57.6869	2.224e-05	2.23429e-06	0	1.806e-05	2.4e-07	1.18743e-05	6.10429e-05
6	600	0.0191797	55.4896	2.25057e-05	2.19143e-06	0	1.82629e-05	2.4e-07	1.19314e-05	5.41371e-05
6	600	0.0206661	55.9148	2.21886e-05	2.26857e-06	0	1.808e-05	2.4e-07	1.176e-05	5.62343e-05
6	600	0.0207905	53.3074	2.21257e-05	2.26571e-06	0	1.80829e-05	2.4e-07	1.16914e-05	5.13371e-05
6	600	0.0181821	59.7315	2.27343e-05	2.32571e-06	0	1.84257e-05	2.4e-07	1.20943e-05	6.41714e-05
6	600	0.0193873	55.3571	2.17486e-05	2.22e-06	0	1.77714e-05	2.4e-07	1.16029e-05	5.422e-05
6	600	0.0202495	56.8035	2.21714e-05	2.28571e-06	0	1.81429e-05	2.4e-07	1.17e-05	5.77829e-05
6	600	0.0212245	54.717	2.16457e-05	2.17714e-06	0	1.77371e-05	2.4e-07	1.13771e-05	5.44343e-05
7	700	0.0209624	62.3048	2.34514e-05	2.27714e-06	0	1.87743e-05	2.4e-07	1.25657e-05	7.47429e-05
7	700	0.0216107	64.0288	2.39114e-05	2.31429e-06	0	1.91114e-05	2.4e-07	1.28371e-05	8.38286e-05
7	700	0.0229531	61.326	2.368e-05	2.28286e-06	0	1.904e-05	2.4e-07	1.252e-05	7.82543e-05
7	700	0.0216976	62.5067	2.39143e-05	2.37143e-06	0	1.91229e-05	2.4e-07	1.278e-05	7.84886e-05
7	700	0.0233924	62.6866	2.40629e-05	2.32857e-06	0	1.93257e-05	2.4e-07	1.27229e-05	8.12743e-05
7	700	0.0235671	63.8989	2.34571e-05	2.34571e-06	0	1.88971e-05	2.4e-07	1.24314e-05	8.29543e-05
7	700	0.0213747	62.9825	2.33657e-05	2.26571e-06	0	1.878e-05	2.4e-07	1.24e-05	7.67457e-05
7	700	0.0231766	62.0184	2.37114e-05	2.34571e-06	0	1.90714e-05	2.4e-07	1.25829e-05	7.63457e-05
7	700	0.0228112	63.6175	2.34114e-05	2.31143e-06	0	1.88371e-05	2.4e-07	1.23629e-05	8.20886e-05
7	700	0.0224994	61.2832	2.296e-05	2.24857e-06	0	1.84857e-05	2.4e-07	1.21914e-05	7.30514e-05
8	800	0.0246403	66.33	2.46314e-05	2.37143e-06	0	1.94857e-05	2.42857e-07	1.32086e-05	0.000101877
8	800	0.0278015	63.5036	2.26229e-05	2.26857e-06	0	1.83629e-05	2.45714e-07	1.17657e-05	8.96714e-05
8	800	0.0265873	68.75	2.42086e-05	2.32857e-06	0	1.93029e-05	2.45714e-07	1.28486e-05	0.000107263
8	800	0.02729	65.4278	2.53857e-05	2.43429e-06	0	2.01857e-05	2.45714e-07	1.35086e-05	0.000103394
8	800	0.0300166	66.0008	2.40914e-05	2.35429e-06	0	1.934e-05	2.37143e-07	1.27057e-05	0.000103097
8	800	0.0287749	65.8703	2.47171e-05	2.36571e-06	0	1.96543e-05	2.51429e-07	1.31286e-05	0.000105283
8	800	0.0247115	67.5719	2.44257e-05	2.26571e-06	0	1.932e-05	2.45714e-07	1.30257e-05	0.00010166
8	800	0.0287309	65.338	2.454e-05	2.38e-06	0	1.96343e-05	2.42857e-07	1.29257e-05	9.87857e-05
8	800	0.0272755	67.7679	2.50914e-05	2.41143e-06	0	1.992e-05	2.37143e-07	1.32714e-05	0.000105369
8	800	0.0243459	66.3016	2.36314e-05	2.26857e-06	0	1.88314e-05	2.4e-07	1.26086e-05	9.516e-05
9	900	0.0313276	68.41	2.504e-05	2.32571e-06	0	1.97829e-05	2.31429e-07	1.33057e-05	0.000118597
9	900	0.0294542	66.6172	2.64343e-05	2.43714e-06	0	2.086e-05	2.31429e-07	1.39857e-05	0.000116011
9	900	0.0314976	67.2608	2.55286e-05	2.41143e-06	0	2.01886e-05	2.31429e-07	1.35714e-05	0.0001155
9	900	0.0295079	65.7665	2.29943e-05	2.23143e-06	0	1.84314e-05	2.31429e-07	1.22571e-05	0.000101497
9	900	0.028939	69.104	2.462e-05	2.31714e-06	0	1.95314e-05	2.31429e-07	1.30629e-05	0.000116151
9	900	0.0334112	69.1675	2.74343e-05	2.50571e-06	0	2.15143e-05	2.31429e-07	1.45257e-05	0.000129917
9	900	0.0292403	69.346	2.54543e-05	2.37714e-06	0	2.00171e-05	2.31429e-07	1.34829e-05	0.000115711
9	900	0.0319249	68.41	2.42771e-05	2.34857e-06	0	1.93771e-05	2.31429e-07	1.28114e-05	0.000117086
9	900	0.0286055	69.9198	2.55057e-05	2.28286e-06	0	2.00514e-05	2.31429e-07	1.35657e-05	0.000120314
9	900	0.0309458	68.1077	2.66571e-05	2.43429e-06	0	2.09629e-05	2.31429e-07	1.40943e-05	0.000125511
10	1000	0.0332378	70.7688	2.68029e-05	2.44286e-06	0	2.098e-05	2.28571e-07	1.422e-05	0.000143206
10	1000	0.03325	70.1671	2.64371e-05	2.38286e-06	0	2.07029e-05	2.28571e-07	1.40486e-05	0.000135591
10	1000	0.0344635	70.0867	2.64086e-05	2.44571e-06	0	2.07286e-05	2.28571e-07	1.40143e-05	0.000135357
10	1000	0.0357249	69.5493	2.72086e-05	2.45143e-06	0	2.144e-05	2.28571e-07	1.428e-05	0.00013908
10	1000	0.0357755	69.1739	2.78943e-05	2.51429e-06	0	2.18286e-05	2.28571e-07	1.47e-05	0.000142829
10	1000	0.0359408	71.6151	2.61571e-05	2.39429e-06	0	2.05971e-05	2.28571e-07	1.38143e-05	0.000146097
10	1000	0.0374864	70.7859	2.92143e-05	2.64857e-06	0	2.26914e-05	2.28571e-07	1.55143e-05	0.000156543
10	1000	0.0331715	70.871	2.61943e-05	2.38571e-06	0	2.05457e-05	2.28571e-07	1.39429e-05	0.000143469
10	1000	0.0345792	69.3721	2.81371e-05	2.58571e-06	0	2.19543e-05	2.31429e-07	1.48514e-05	0.000148663
10	1000	0.0357989	70.6917	2.74229e-05	2.51714e-06	0	2.13657e-05	2.28571e-07	1.45629e-05	0.000140777
11	1100	0.0360154	72.9796	2.71457e-05	2.45714e-06	0	2.10971e-05	2.42857e-07	1.44057e-05	0.00016244
11	1100	0.0375074	71.9602	2.91457e-05	2.58e-06	0	2.25457e-05	2.45714e-07	1.54486e-05	0.00016572
11	1100	0.0369557	72.8864	2.70457e-05	2.43714e-06	0	2.10886e-05	2.34286e-07	1.44057e-05	0.000157794
11	1100	0.0383557	72.8395	2.84857e-05	2.56e-06	0	2.21086e-05	2.37143e-07	1.50514e-05	0.000166023
11	1100	0.038042	72.5617	2.89686e-05	2.56e-06	0	2.24343e-05	2.48571e-07	1.53657e-05	0.000171663
11	1100	0.0376454	73.262	2.66314e-05	2.42571e-06	0	2.08143e-05	2.42857e-07	1.41086e-05	0.000166283
11	1100	0.038296	72.9331	2.87e-05	2.52286e-06	0	2.21771e-05	2.48571e-07	1.51314e-05	0.00017416
11	1100	0.0387056	72.438	2.75143e-05	2.51429e-06	0	2.14657e-05	2.42857e-07	1.45457e-05	0.000161751
11	1100	0.0386026	71.9173	2.80029e-05	2.49143e-06	0	2.172e-05	2.37143e-07	1.47886e-05	0.000159574
11	1100	0.0373701	71.831	2.89029e-05	2.53143e-06	0	2.23314e-05	2.45714e-07	1.53343e-05	0.000159323
12	1200	0.0431206	75.1141	2.95257e-05	2.61143e-06	0	2.30057e-05	2.4e-07	1.58686e-05	0.000200866
12	1200	0.0425131	74.8217	2.93943e-05	2.66e-06	0	2.294e-05	2.4e-07	1.58371e-05	0.000199223
12	1200	0.042312	74.7952	2.96457e-05	2.62286e-06	0	2.31171e-05	2.4e-07	1.58029e-05	0.000196183
12	1200	0.0434933	75.9423	2.87543e-05	2.62571e-06	0	2.26229e-05	2.4e-07	1.53943e-05	0.000203426
12	1200	0.0444118	75.0675	3.13371e-05	2.73143e-06	0	2.43914e-05	2.4e-07	1.66543e-05	0.000204229
12	1200	0.0418976	73.782	2.83571e-05	2.53429e-06	0	2.22457e-05	2.4e-07	1.52571e-05	0.000188906
12	1200	0.0445973	74.026	3.04429e-05	2.72286e-06	0	2.37029e-05	2.4e-07	1.63143e-05	0.000199066
12	1200	0.0417401	74.4789	3.04029e-05	2.71714e-06	0	2.36514e-05	2.4e-07	1.634e-05	0.000199697
12	1200	0.0421264	74.0709	3.02686e-05	2.71143e-06	0	2.35343e-05	2.4e-07	1.62771e-05	0.000200789
12	1200	0.0434832	74.5547	2.95429e-05	2.64857e-06	0	2.30314e-05	2.4e-07	1.59057e-05	0.000196797
