N_THREADS	N_TRANSACTIONS	TIME	N_ABORTS	PROCESS_READ_TIME	PROCESS_WRITE_TIME	PROCESS_VALIDATION_TIME	PROCESS_OTHER_TIME	COMMIT_VALIDATION_TIME	COMMIT_OTHER_TIME	WASTED_TIME
1	1000	0.193597	0	1.144e-05	2.72143e-05	0	2.01771e-05	2.51429e-07	9.24571e-06	2.42857e-06
1	1000	0.193623	0	1.14371e-05	2.72229e-05	0	2.01857e-05	2.51429e-07	9.25429e-06	2.43429e-06
1	1000	0.193619	0	1.14543e-05	2.72229e-05	0	2.01743e-05	2.51429e-07	9.26e-06	2.42857e-06
1	1000	0.19361	0	1.14371e-05	2.72229e-05	0	2.01829e-05	2.51429e-07	9.24857e-06	2.42571e-06
1	1000	0.193622	0	1.144e-05	2.722e-05	0	2.01829e-05	2.48571e-07	9.26286e-06	2.42571e-06
1	1000	0.193623	0	1.14343e-05	2.72257e-05	0	2.01886e-05	2.51429e-07	9.26286e-06	2.42857e-06
1	1000	0.193653	0	1.14457e-05	2.724e-05	0	2.01886e-05	2.51429e-07	9.26e-06	2.42571e-06
1	1000	0.193616	0	1.14371e-05	2.72171e-05	0	2.01914e-05	2.51429e-07	9.26e-06	2.42e-06
1	1000	0.193656	0	1.14514e-05	2.724e-05	0	2.01971e-05	2.51429e-07	9.25143e-06	2.42e-06
1	1000	0.193637	0	1.14457e-05	2.72343e-05	0	2.01829e-05	2.51429e-07	9.26286e-06	2.42571e-06
2	2000	0.195256	0.398406	1.16429e-05	2.77114e-05	0	2.04743e-05	2.51429e-07	9.43143e-06	2.60857e-06
2	2000	0.194641	0.348779	1.15543e-05	2.74571e-05	0	2.03429e-05	2.51429e-07	9.38286e-06	2.52e-06
2	2000	0.195309	0.398406	1.16514e-05	2.77e-05	0	2.04771e-05	2.48571e-07	9.44286e-06	2.62571e-06
2	2000	0.196453	0.645802	1.18057e-05	2.81143e-05	0	2.07114e-05	2.51429e-07	9.56571e-06	2.80286e-06
2	2000	0.194955	0.497512	1.16e-05	2.758e-05	0	2.04171e-05	2.51429e-07	9.38571e-06	2.58571e-06
2	2000	0.195336	0.348779	1.16571e-05	2.77229e-05	0	2.04914e-05	2.51429e-07	9.43714e-06	2.62e-06
2	2000	0.19487	0.546992	1.15771e-05	2.74857e-05	0	2.03829e-05	2.48571e-07	9.38857e-06	2.65143e-06
2	2000	0.195441	0.398406	1.16714e-05	2.77743e-05	0	2.052e-05	2.51429e-07	9.46e-06	2.62e-06
2	2000	0.195486	0.447984	1.16886e-05	2.77943e-05	0	2.05371e-05	2.45714e-07	9.45429e-06	2.62286e-06
2	2000	0.195052	0.497512	1.162e-05	2.75971e-05	0	2.04229e-05	2.51429e-07	9.41429e-06	2.57714e-06
3	3000	0.197975	1.67158	1.19971e-05	2.84886e-05	0	2.09943e-05	2.48571e-07	9.69429e-06	2.98857e-06
3	3000	0.198382	1.80033	1.204e-05	2.86257e-05	0	2.10886e-05	2.48571e-07	9.76286e-06	3.06286e-06
3	3000	0.198256	1.86457	1.19857e-05	2.84943e-05	0	2.10143e-05	2.48571e-07	9.71714e-06	3.11429e-06
3	3000	0.197659	1.38067	1.19286e-05	2.83343e-05	0	2.09286e-05	2.48571e-07	9.68e-06	2.84286e-06
3	3000	0.197404	1.28332	1.19286e-05	2.832e-05	0	2.09171e-05	2.48571e-07	9.65714e-06	2.8e-06
3	3000	0.197396	1.28332	1.19086e-05	2.82829e-05	0	2.09029e-05	2.48571e-07	9.67714e-06	2.81143e-06
3	3000	0.197251	0.924703	1.18886e-05	2.82086e-05	0	2.08829e-05	2.48571e-07	9.68857e-06	2.76857e-06
3	3000	0.19744	1.5748	1.18771e-05	2.81857e-05	0	2.08486e-05	2.48571e-07	9.65714e-06	2.95143e-06
3	3000	0.197822	1.7038	1.19571e-05	2.84086e-05	0	2.096e-05	2.48571e-07	9.69429e-06	3e-06
3	3000	0.198032	1.7038	1.19686e-05	2.846e-05	0	2.09829e-05	2.48571e-07	9.7e-06	2.97429e-06
4	4000	0.202285	3.1477	1.24943e-05	2.96629e-05	0	2.17514e-05	2.51429e-07	1.00629e-05	3.68857e-06
4	4000	0.202061	3.0303	1.25143e-05	2.97057e-05	0	2.18e-05	2.48571e-07	1.00657e-05	3.67714e-06
4	4000	0.201734	3.17115	1.24629e-05	2.95971e-05	0	2.17171e-05	2.51429e-07	1.00286e-05	3.47143e-06
4	4000	0.202899	3.10078	1.26029e-05	2.994e-05	0	2.19143e-05	2.51429e-07	1.01114e-05	3.91429e-06
4	4000	0.20257	2.74739	1.25143e-05	2.97629e-05	0	2.18143e-05	2.48571e-07	1.01057e-05	3.74286e-06
4	4000	0.202968	4.28332	1.246e-05	2.95029e-05	0	2.16857e-05	2.51429e-07	1.00514e-05	4.43429e-06
4	4000	0.202556	2.93618	1.252e-05	2.97143e-05	0	2.18029e-05	2.48571e-07	1.008e-05	3.58e-06
4	4000	0.202032	3.0773	1.24543e-05	2.956e-05	0	2.17143e-05	2.51429e-07	1.00314e-05	3.68571e-06
4	4000	0.202511	3.31158	1.25857e-05	2.98857e-05	0	2.19029e-05	2.48571e-07	1.01057e-05	3.76e-06
4	4000	0.204225	5.10083	1.26229e-05	2.99943e-05	0	2.19486e-05	2.45714e-07	1.01229e-05	4.75143e-06
5	5000	0.20793	4.15948	1.31314e-05	3.112e-05	0	2.27114e-05	2.42857e-07	1.04829e-05	4.63143e-06
5	5000	0.206886	4.01229	1.31257e-05	3.11657e-05	0	2.27457e-05	2.42857e-07	1.04971e-05	4.11714e-06
5	5000	0.206826	3.56798	1.31943e-05	3.12686e-05	0	2.28029e-05	2.42857e-07	1.05257e-05	4.03143e-06
5	5000	0.207876	4.15948	1.32886e-05	3.15371e-05	0	2.29514e-05	2.42857e-07	1.05943e-05	4.29714e-06
5	5000	0.206329	4.06754	1.31114e-05	3.10971e-05	0	2.26829e-05	2.42857e-07	1.04686e-05	4.16e-06
5	5000	0.206456	4.26958	1.31029e-05	3.10914e-05	0	2.27086e-05	2.42857e-07	1.04943e-05	4.05143e-06
5	5000	0.206411	4.04913	1.30114e-05	3.086e-05	0	2.25686e-05	2.42857e-07	1.044e-05	4.31143e-06
5	5000	0.207153	4.48902	1.31629e-05	3.124e-05	0	2.28e-05	2.42857e-07	1.05457e-05	4.28286e-06
5	5000	0.207618	4.21456	1.32171e-05	3.13829e-05	0	2.28571e-05	2.42857e-07	1.05514e-05	4.51143e-06
5	5000	0.20682	3.93852	1.31429e-05	3.11514e-05	0	2.274e-05	2.42857e-07	1.05229e-05	4.1e-06
6	6000	0.213763	5.57129	1.40257e-05	3.31314e-05	0	2.40429e-05	2.4e-07	1.10743e-05	5.01143e-06
6	6000	0.214603	5.52669	1.41257e-05	3.34286e-05	0	2.41943e-05	2.4e-07	1.11657e-05	5.25714e-06
6	6000	0.212956	4.97308	1.4e-05	3.31286e-05	0	2.40114e-05	2.4e-07	1.11029e-05	4.86571e-06
6	6000	0.213898	5.58615	1.41457e-05	3.35e-05	0	2.41914e-05	2.4e-07	1.11371e-05	4.96286e-06
6	6000	0.214465	5.13834	1.404e-05	3.32057e-05	0	2.408e-05	2.4e-07	1.11029e-05	4.98571e-06
6	6000	0.213201	6.02976	1.40143e-05	3.31771e-05	0	2.40543e-05	2.4e-07	1.11086e-05	5.12571e-06
6	6000	0.215213	5.91187	1.42314e-05	3.368e-05	0	2.43686e-05	2.4e-07	1.12714e-05	5.24857e-06
6	6000	0.214857	5.67521	1.40914e-05	3.33171e-05	0	2.41514e-05	2.4e-07	1.11629e-05	5.33429e-06
6	6000	0.213798	5.43735	1.408e-05	3.33657e-05	0	2.416e-05	2.4e-07	1.116e-05	5.02286e-06
6	6000	0.215588	5.82326	1.43371e-05	3.394e-05	0	2.44914e-05	2.4e-07	1.12829e-05	5.52857e-06
7	7000	0.222727	6.25419	1.53171e-05	3.61543e-05	0	2.59257e-05	2.4e-07	1.19429e-05	5.99714e-06
7	7000	0.222793	6.65422	1.52314e-05	3.6e-05	0	2.58429e-05	2.4e-07	1.19171e-05	6.31429e-06
7	7000	0.222337	6.47963	1.53343e-05	3.62057e-05	0	2.594e-05	2.4e-07	1.19486e-05	6.02e-06
7	7000	0.222905	6.95201	1.54229e-05	3.644e-05	0	2.60457e-05	2.4e-07	1.198e-05	6.13429e-06
7	7000	0.224633	7.49306	1.56e-05	3.68543e-05	0	2.63e-05	2.4e-07	1.20886e-05	6.49143e-06
7	7000	0.223255	6.49212	1.546e-05	3.65429e-05	0	2.61371e-05	2.4e-07	1.20457e-05	6.21429e-06
7	7000	0.22438	7.46861	1.556e-05	3.67771e-05	0	2.62457e-05	2.4e-07	1.21143e-05	6.54857e-06
7	7000	0.225305	7.40741	1.56714e-05	3.70743e-05	0	2.64086e-05	2.4e-07	1.21143e-05	6.51143e-06
7	7000	0.225379	7.30932	1.55514e-05	3.674e-05	0	2.62314e-05	2.4e-07	1.20514e-05	6.63714e-06
7	7000	0.223691	7.18642	1.55143e-05	3.66086e-05	0	2.61714e-05	2.4e-07	1.20286e-05	6.31143e-06
8	8000	0.237853	10.2032	1.73029e-05	4.08457e-05	0	2.87743e-05	2.51429e-07	1.32514e-05	8.75143e-06
8	8000	0.236446	7.82348	1.74143e-05	4.11029e-05	0	2.89229e-05	2.51429e-07	1.33314e-05	7.26e-06
8	8000	0.237833	8.44587	1.74114e-05	4.10971e-05	0	2.88914e-05	2.51429e-07	1.328e-05	7.83429e-06
8	8000	0.237192	8.50869	1.73314e-05	4.08571e-05	0	2.87914e-05	2.48571e-07	1.32857e-05	8.14571e-06
8	8000	0.238782	9.69635	1.73714e-05	4.09914e-05	0	2.88343e-05	2.51429e-07	1.33029e-05	8.51143e-06
8	8000	0.23765	8.28843	1.744e-05	4.11686e-05	0	2.89629e-05	2.51429e-07	1.32971e-05	7.82571e-06
8	8000	0.236207	8.37247	1.73686e-05	4.09714e-05	0	2.88457e-05	2.51429e-07	1.33086e-05	7.25714e-06
8	8000	0.236669	8.64451	1.734e-05	4.09086e-05	0	2.87829e-05	2.51429e-07	1.32143e-05	7.83143e-06
8	8000	0.236872	8.91495	1.73371e-05	4.09229e-05	0	2.88143e-05	2.51429e-07	1.326e-05	7.66571e-06
8	8000	0.234624	8.07767	1.71314e-05	4.038e-05	0	2.85257e-05	2.51429e-07	1.31286e-05	7.17429e-06
9	9000	0.255765	10.4834	1.99486e-05	4.704e-05	0	3.24771e-05	2.31429e-07	1.498e-05	1.00371e-05
9	9000	0.256266	11.0672	1.99943e-05	4.716e-05	0	3.25629e-05	2.31429e-07	1.50086e-05	1.06371e-05
9	9000	0.255062	10.8999	1.99943e-05	4.72143e-05	0	3.25943e-05	2.31429e-07	1.50343e-05	9.93429e-06
9	9000	0.255882	10.7939	1.99743e-05	4.70829e-05	0	3.25486e-05	2.31429e-07	1.498e-05	1.05286e-05
9	9000	0.257246	10.7231	2.02e-05	4.76771e-05	0	3.27857e-05	2.31429e-07	1.51171e-05	1.03743e-05
9	9000	0.25649	10.7409	2.00686e-05	4.73486e-05	0	3.26514e-05	2.31429e-07	1.506e-05	9.91429e-06
9	9000	0.255264	10.5101	1.98857e-05	4.68971e-05	0	3.24314e-05	2.31429e-07	1.49371e-05	1.01314e-05
9	9000	0.255779	9.50226	2.01086e-05	4.74457e-05	0	3.26943e-05	2.31429e-07	1.51086e-05	9.21714e-06
9	9000	0.255249	10.1707	1.996e-05	4.704e-05	0	3.25171e-05	2.31429e-07	1.50257e-05	1.00143e-05
9	9000	0.253441	9.76539	1.97914e-05	4.66657e-05	0	3.22886e-05	2.31429e-07	1.488e-05	9.34857e-06
10	10000	0.278863	12.6943	2.32257e-05	5.474e-05	0	3.71314e-05	2.28571e-07	1.71657e-05	1.35771e-05
10	10000	0.279294	13.2095	2.33371e-05	5.51229e-05	0	3.72943e-05	2.28571e-07	1.724e-05	1.34229e-05
10	10000	0.278293	12.3576	2.32486e-05	5.47629e-05	0	3.71543e-05	2.28571e-07	1.72114e-05	1.26571e-05
10	10000	0.278286	12.4343	2.314e-05	5.448e-05	0	3.7e-05	2.28571e-07	1.70886e-05	1.30314e-05
10	10000	0.276104	11.6998	2.308e-05	5.43914e-05	0	3.69514e-05	2.28571e-07	1.70857e-05	1.23314e-05
10	10000	0.278286	12.5109	2.31943e-05	5.474e-05	0	3.70943e-05	2.28571e-07	1.71286e-05	1.286e-05
10	10000	0.278095	12.5186	2.31914e-05	5.476e-05	0	3.71057e-05	2.28571e-07	1.71714e-05	1.31657e-05
10	10000	0.279481	12.679	2.326e-05	5.48429e-05	0	3.71686e-05	2.28571e-07	1.72086e-05	1.34314e-05
10	10000	0.276951	12.1497	2.32e-05	5.47171e-05	0	3.71143e-05	2.28571e-07	1.71429e-05	1.23314e-05
10	10000	0.277585	12.3806	2.30914e-05	5.44829e-05	0	3.69657e-05	2.28571e-07	1.70629e-05	1.26714e-05
11	11000	0.304393	14.583	2.69229e-05	6.35143e-05	0	4.24e-05	2.51429e-07	1.96371e-05	1.67029e-05
11	11000	0.305743	14.9857	2.698e-05	6.37371e-05	0	4.24629e-05	2.51429e-07	1.96886e-05	1.72057e-05
11	11000	0.304531	14.4368	2.69086e-05	6.354e-05	0	4.23971e-05	2.51429e-07	1.96686e-05	1.64886e-05
11	11000	0.306044	14.9265	2.69714e-05	6.36486e-05	0	4.24657e-05	2.51429e-07	1.96743e-05	1.726e-05
11	11000	0.305721	15.1562	2.69429e-05	6.36086e-05	0	4.24486e-05	2.51429e-07	1.97057e-05	1.746e-05
11	11000	0.304442	13.4335	2.68914e-05	6.35514e-05	0	4.23486e-05	2.51429e-07	1.95943e-05	1.59457e-05
11	11000	0.306881	14.689	2.68886e-05	6.33886e-05	0	4.236e-05	2.51429e-07	1.96686e-05	1.75229e-05
11	11000	0.306578	15.0907	2.69771e-05	6.37e-05	0	4.24771e-05	2.51429e-07	1.976e-05	1.742e-05
11	11000	0.306252	15.2738	2.69886e-05	6.37886e-05	0	4.24886e-05	2.51429e-07	1.96971e-05	1.72743e-05
11	11000	0.305338	14.2968	2.69229e-05	6.35543e-05	0	4.23543e-05	2.51429e-07	1.96057e-05	1.62143e-05
12	12000	0.336022	16.9205	3.10029e-05	7.32629e-05	0	4.81857e-05	2.4e-07	2.24257e-05	2.16571e-05
12	12000	0.333878	17.1042	3.09229e-05	7.306e-05	0	4.80743e-05	2.4e-07	2.24171e-05	2.11486e-05
12	12000	0.335024	16.863	3.09857e-05	7.31571e-05	0	4.81343e-05	2.4e-07	2.24029e-05	2.11743e-05
12	12000	0.336114	17.3781	3.10343e-05	7.34e-05	0	4.82486e-05	2.4e-07	2.24343e-05	2.23829e-05
12	12000	0.335259	17.1099	3.10143e-05	7.33e-05	0	4.822e-05	2.4e-07	2.248e-05	2.19629e-05
12	12000	0.337143	17.7406	3.10829e-05	7.34171e-05	0	4.82971e-05	2.4e-07	2.25629e-05	2.33314e-05
12	12000	0.334467	16.9952	3.10029e-05	7.33343e-05	0	4.81686e-05	2.4e-07	2.24057e-05	2.118e-05
12	12000	0.336982	17.5881	3.10457e-05	7.33571e-05	0	4.82371e-05	2.4e-07	2.24486e-05	2.248e-05
12	12000	0.336277	17.4974	3.104e-05	7.32571e-05	0	4.82286e-05	2.4e-07	2.24914e-05	2.208e-05
12	12000	0.334601	17.5711	3.09257e-05	7.30971e-05	0	4.81371e-05	2.4e-07	2.24371e-05	2.16429e-05
