N_THREADS	N_TRANSACTIONS	TIME	N_ABORTS	PROCESS_READ_TIME	PROCESS_WRITE_TIME	PROCESS_VALIDATION_TIME	PROCESS_OTHER_TIME	COMMIT_VALIDATION_TIME	COMMIT_OTHER_TIME	WASTED_TIME
1	1000	0.161621	0	4.56286e-06	8.88e-06	0	8.78857e-06	2.51429e-07	2.80286e-06	1.19429e-06
1	1000	0.16161	0	4.55429e-06	8.88e-06	0	8.78286e-06	2.51429e-07	2.80286e-06	1.19714e-06
1	1000	0.161619	0	4.56286e-06	8.87714e-06	0	8.79143e-06	2.48571e-07	2.80571e-06	1.19429e-06
1	1000	0.161628	0	4.56e-06	8.88571e-06	0	8.78857e-06	2.51429e-07	2.80286e-06	1.19429e-06
1	1000	0.161616	0	4.56e-06	8.87714e-06	0	8.78571e-06	2.51429e-07	2.80286e-06	1.19714e-06
1	1000	0.161625	0	4.55714e-06	8.88286e-06	0	8.78857e-06	2.51429e-07	2.80286e-06	1.19429e-06
1	1000	0.161617	0	4.56e-06	8.88286e-06	0	8.78286e-06	2.51429e-07	2.80286e-06	1.19714e-06
1	1000	0.161606	0	4.56e-06	8.87429e-06	0	8.78857e-06	2.48571e-07	2.80571e-06	1.19143e-06
1	1000	0.161616	0	4.55429e-06	8.87714e-06	0	8.79143e-06	2.51429e-07	2.80286e-06	1.19429e-06
1	1000	0.161608	0	4.55714e-06	8.86857e-06	0	8.78857e-06	2.48571e-07	2.80571e-06	1.19429e-06
2	2000	0.16175	1.13693	4.56e-06	8.92571e-06	0	8.78571e-06	2.51429e-07	2.81429e-06	1.23714e-06
2	2000	0.161822	1.18577	4.56571e-06	8.91714e-06	0	8.78857e-06	2.48571e-07	2.81714e-06	1.30571e-06
2	2000	0.161756	1.03909	4.56286e-06	8.92571e-06	0	8.78571e-06	2.51429e-07	2.81429e-06	1.23714e-06
2	2000	0.161779	1.38067	4.56e-06	8.91429e-06	0	8.78286e-06	2.51429e-07	2.81429e-06	1.3e-06
2	2000	0.161745	1.08803	4.56e-06	8.92e-06	0	8.78857e-06	2.45714e-07	2.82e-06	1.23429e-06
2	2000	0.161873	1.5748	4.56286e-06	8.92286e-06	0	8.78571e-06	2.51429e-07	2.81429e-06	1.36286e-06
2	2000	0.161834	1.62322	4.56e-06	8.92e-06	0	8.78571e-06	2.48571e-07	2.81714e-06	1.33143e-06
2	2000	0.16174	1.03909	4.56e-06	8.93143e-06	0	8.78571e-06	2.51429e-07	2.81429e-06	1.23143e-06
2	2000	0.161745	1.13693	4.56286e-06	8.92e-06	0	8.78571e-06	2.51429e-07	2.81429e-06	1.24e-06
2	2000	0.161874	1.5748	4.56286e-06	8.92e-06	0	8.78857e-06	2.51429e-07	2.81429e-06	1.36e-06
3	3000	0.162004	4.30622	4.56e-06	8.90286e-06	0	8.79143e-06	2.48571e-07	2.81143e-06	1.40286e-06
3	3000	0.161915	4.51941	4.56286e-06	8.90286e-06	0	8.78286e-06	2.48571e-07	2.81143e-06	1.38e-06
3	3000	0.162073	5.69003	4.55714e-06	8.90286e-06	0	8.78857e-06	2.48571e-07	2.81143e-06	1.48e-06
3	3000	0.161998	4.7619	4.56e-06	8.9e-06	0	8.79143e-06	2.48571e-07	2.81143e-06	1.48571e-06
3	3000	0.161919	4.85252	4.55429e-06	8.90286e-06	0	8.78857e-06	2.48571e-07	2.81143e-06	1.39143e-06
3	3000	0.162193	4.30622	4.56571e-06	8.90286e-06	0	8.78857e-06	2.48571e-07	2.81143e-06	1.51429e-06
3	3000	0.162001	4.48902	4.55429e-06	8.90571e-06	0	8.78857e-06	2.48571e-07	2.81143e-06	1.46571e-06
3	3000	0.161884	4.36723	4.56e-06	8.90286e-06	0	8.78857e-06	2.48571e-07	2.81143e-06	1.36e-06
3	3000	0.161901	3.78448	4.56e-06	8.90286e-06	0	8.79143e-06	2.48571e-07	2.81143e-06	1.38e-06
3	3000	0.162049	4.27569	4.55714e-06	8.90571e-06	0	8.78857e-06	2.48571e-07	2.81143e-06	1.46857e-06
4	4000	0.162378	7.5572	4.55429e-06	8.90286e-06	0	8.79429e-06	2.51429e-07	2.80857e-06	1.79143e-06
4	4000	0.162246	7.14949	4.55714e-06	8.9e-06	0	8.79143e-06	2.51429e-07	2.80857e-06	1.64571e-06
4	4000	0.162356	8.36197	4.56e-06	8.9e-06	0	8.79429e-06	2.48571e-07	2.81143e-06	1.81429e-06
4	4000	0.162267	7.0416	4.55429e-06	8.89714e-06	0	8.79429e-06	2.48571e-07	2.81143e-06	1.67143e-06
4	4000	0.16218	6.99837	4.55714e-06	8.90571e-06	0	8.79714e-06	2.48571e-07	2.81143e-06	1.58e-06
4	4000	0.162198	7.91897	4.55714e-06	8.90571e-06	0	8.78857e-06	2.42857e-07	2.82e-06	1.62857e-06
4	4000	0.162248	7.34306	4.55429e-06	8.90571e-06	0	8.79429e-06	2.48571e-07	2.81143e-06	1.61143e-06
4	4000	0.162431	7.45025	4.55429e-06	8.90286e-06	0	8.79143e-06	2.51429e-07	2.80857e-06	1.68286e-06
4	4000	0.162363	6.86845	4.56e-06	8.90571e-06	0	8.79143e-06	2.48571e-07	2.81143e-06	1.75714e-06
4	4000	0.162183	7.79161	4.55714e-06	8.90571e-06	0	8.78857e-06	2.51429e-07	2.80857e-06	1.66e-06
5	5000	0.162962	13.6442	4.55143e-06	8.91429e-06	0	8.79429e-06	2.42857e-07	2.81429e-06	2.36571e-06
5	5000	0.16293	11.9563	4.56e-06	8.90571e-06	0	8.79429e-06	2.42857e-07	2.81429e-06	2.09714e-06
5	5000	0.162982	12.892	4.55714e-06	8.90286e-06	0	8.79714e-06	2.42857e-07	2.81429e-06	2.27714e-06
5	5000	0.16288	13.7187	4.55714e-06	8.91429e-06	0	8.79429e-06	2.42857e-07	2.81429e-06	2.3e-06
5	5000	0.163056	14.2073	4.55143e-06	8.90571e-06	0	8.8e-06	2.42857e-07	2.81429e-06	2.30857e-06
5	5000	0.162817	13.1341	4.56286e-06	8.90571e-06	0	8.78857e-06	2.42857e-07	2.81429e-06	2.22e-06
5	5000	0.163462	14.7485	4.56e-06	8.91143e-06	0	8.79143e-06	2.42857e-07	2.81429e-06	2.53714e-06
5	5000	0.163163	12.892	4.55429e-06	8.91143e-06	0	8.79429e-06	2.42857e-07	2.81429e-06	2.28857e-06
5	5000	0.16258	11.2846	4.56286e-06	8.90857e-06	0	8.78857e-06	2.42857e-07	2.81429e-06	1.98286e-06
5	5000	0.163087	14.0155	4.56e-06	8.91143e-06	0	8.79143e-06	2.42857e-07	2.81714e-06	2.44e-06
6	6000	0.166759	29.6435	4.56571e-06	8.91714e-06	0	8.8e-06	2.4e-07	2.82286e-06	5.46e-06
6	6000	0.166073	27.7631	4.56286e-06	8.92286e-06	0	8.79429e-06	2.4e-07	2.82e-06	4.98857e-06
6	6000	0.165833	27.8499	4.56571e-06	8.91429e-06	0	8.79143e-06	2.4e-07	2.82e-06	4.95143e-06
6	6000	0.165605	25.7426	4.56286e-06	8.92286e-06	0	8.79429e-06	2.4e-07	2.82e-06	4.39143e-06
6	6000	0.16536	25.8069	4.56e-06	8.92e-06	0	8.79714e-06	2.4e-07	2.82e-06	4.42571e-06
6	6000	0.165079	23.5474	4.56286e-06	8.91714e-06	0	8.79714e-06	2.4e-07	2.82286e-06	3.93143e-06
6	6000	0.165229	24.9719	4.55714e-06	8.91714e-06	0	8.80286e-06	2.4e-07	2.82e-06	4.14857e-06
6	6000	0.166322	28.2983	4.56571e-06	8.91714e-06	0	8.79429e-06	2.4e-07	2.82286e-06	5.29714e-06
6	6000	0.164681	24.6893	4.56e-06	8.91429e-06	0	8.79714e-06	2.4e-07	2.82e-06	3.91143e-06
6	6000	0.165594	27.3168	4.56571e-06	8.91714e-06	0	8.79429e-06	2.4e-07	2.82e-06	4.84857e-06
7	7000	0.179062	52.3971	4.58e-06	8.93143e-06	0	8.8e-06	2.4e-07	2.82e-06	1.60343e-05
7	7000	0.180537	54.757	4.58857e-06	8.93429e-06	0	8.79429e-06	2.4e-07	2.82e-06	1.83429e-05
7	7000	0.177746	53.0988	4.58286e-06	8.92857e-06	0	8.80286e-06	2.4e-07	2.82e-06	1.63029e-05
7	7000	0.178753	53.8441	4.59143e-06	8.93143e-06	0	8.79714e-06	2.4e-07	2.82e-06	1.71686e-05
7	7000	0.177177	51.8735	4.58571e-06	8.92857e-06	0	8.79143e-06	2.4e-07	2.82e-06	1.53829e-05
7	7000	0.17771	52.5327	4.58571e-06	8.92857e-06	0	8.8e-06	2.4e-07	2.82e-06	1.58857e-05
7	7000	0.177783	52.1825	4.58571e-06	8.92857e-06	0	8.8e-06	2.4e-07	2.82e-06	1.616e-05
7	7000	0.178802	52.9348	4.58286e-06	8.93429e-06	0	8.8e-06	2.4e-07	2.82286e-06	1.63686e-05
7	7000	0.177245	52.4327	4.58571e-06	8.93143e-06	0	8.80286e-06	2.4e-07	2.82e-06	1.60886e-05
7	7000	0.179026	52.8143	4.58286e-06	8.93143e-06	0	8.79143e-06	2.4e-07	2.82e-06	1.64029e-05
8	8000	0.193148	65.5158	4.61429e-06	8.95429e-06	0	8.79429e-06	2.45714e-07	2.81429e-06	3.056e-05
8	8000	0.193425	64.9768	4.61714e-06	8.95429e-06	0	8.78857e-06	2.45714e-07	2.81429e-06	3.03314e-05
8	8000	0.193987	65.3184	4.60857e-06	8.95429e-06	0	8.79714e-06	2.45714e-07	2.81429e-06	3.02143e-05
8	8000	0.195954	66.4162	4.61714e-06	8.95714e-06	0	8.8e-06	2.45714e-07	2.81429e-06	3.258e-05
8	8000	0.193738	65.649	4.61429e-06	8.95143e-06	0	8.79143e-06	2.4e-07	2.81714e-06	3.05771e-05
8	8000	0.194078	66.0167	4.61429e-06	8.95143e-06	0	8.8e-06	2.45714e-07	2.81429e-06	3.18371e-05
8	8000	0.195576	66.0398	4.61143e-06	8.95714e-06	0	8.80286e-06	2.45714e-07	2.81429e-06	3.19857e-05
8	8000	0.194436	66.3654	4.61429e-06	8.95429e-06	0	8.8e-06	2.45714e-07	2.81429e-06	3.18771e-05
8	8000	0.195688	65.8017	4.61429e-06	8.95714e-06	0	8.79429e-06	2.51429e-07	2.80857e-06	3.186e-05
8	8000	0.194499	66.2803	4.61429e-06	8.95714e-06	0	8.8e-06	2.48571e-07	2.80857e-06	3.25e-05
9	9000	0.212891	73.4098	4.63429e-06	8.96857e-06	0	8.80857e-06	2.31429e-07	2.82571e-06	4.966e-05
9	9000	0.214204	73.499	4.63714e-06	8.97714e-06	0	8.81143e-06	2.31429e-07	2.82571e-06	4.90771e-05
9	9000	0.212291	73.7686	4.64286e-06	8.98286e-06	0	8.8e-06	2.31429e-07	2.82571e-06	4.98629e-05
9	9000	0.215442	73.7019	4.63714e-06	8.97714e-06	0	8.8e-06	2.31429e-07	2.82571e-06	4.99457e-05
9	9000	0.211966	73.3515	4.63429e-06	8.98571e-06	0	8.80571e-06	2.31429e-07	2.82571e-06	4.874e-05
9	9000	0.212575	73.7877	4.63143e-06	8.97714e-06	0	8.80857e-06	2.31429e-07	2.82571e-06	4.97686e-05
9	9000	0.214047	73.7157	4.63143e-06	8.98571e-06	0	8.8e-06	2.31429e-07	2.82571e-06	4.96629e-05
9	9000	0.21348	73.8235	4.64286e-06	8.98e-06	0	8.8e-06	2.31429e-07	2.82571e-06	4.98229e-05
9	9000	0.214077	73.7242	4.63714e-06	8.97143e-06	0	8.81143e-06	2.31429e-07	2.82571e-06	4.99943e-05
9	9000	0.212378	73.2119	4.63429e-06	8.97429e-06	0	8.80571e-06	2.31429e-07	2.82571e-06	4.82086e-05
10	10000	0.231419	77.9498	4.65714e-06	9e-06	0	8.80571e-06	2.28571e-07	2.82857e-06	6.66971e-05
10	10000	0.238017	78.9744	4.66286e-06	9e-06	0	8.81143e-06	2.28571e-07	2.82857e-06	7.14971e-05
10	10000	0.237013	78.9898	4.66e-06	8.99714e-06	0	8.81143e-06	2.28571e-07	2.82857e-06	7.19571e-05
10	10000	0.235134	78.6005	4.66e-06	9e-06	0	8.80571e-06	2.28571e-07	2.82857e-06	6.97886e-05
10	10000	0.234127	78.561	4.66e-06	9.00286e-06	0	8.80571e-06	2.28571e-07	2.82857e-06	6.97971e-05
10	10000	0.234629	78.4306	4.66e-06	8.99143e-06	0	8.80857e-06	2.28571e-07	2.82857e-06	6.95086e-05
10	10000	0.236194	78.8023	4.66e-06	9e-06	0	8.81714e-06	2.28571e-07	2.82857e-06	7.13e-05
10	10000	0.233222	78.2689	4.65714e-06	8.98857e-06	0	8.82e-06	2.28571e-07	2.83143e-06	6.84486e-05
10	10000	0.237941	78.737	4.66e-06	9e-06	0	8.80857e-06	2.28571e-07	2.82857e-06	7.10314e-05
10	10000	0.234881	78.805	4.65714e-06	8.99714e-06	0	8.81429e-06	2.28571e-07	2.82857e-06	7.17143e-05
11	11000	0.263085	82.5516	4.68286e-06	9.01714e-06	0	8.82571e-06	2.51429e-07	2.81143e-06	9.70486e-05
11	11000	0.258734	82.0587	4.69143e-06	9.01429e-06	0	8.82e-06	2.48571e-07	2.81429e-06	9.24629e-05
11	11000	0.258859	82.3455	4.68286e-06	9.02286e-06	0	8.82e-06	2.48571e-07	2.81429e-06	9.46971e-05
11	11000	0.262991	82.42	4.68571e-06	9.01714e-06	0	8.81714e-06	2.48571e-07	2.81429e-06	9.62714e-05
11	11000	0.259042	82.146	4.68286e-06	9.01429e-06	0	8.82857e-06	2.51429e-07	2.81143e-06	9.278e-05
11	11000	0.266383	82.5858	4.68571e-06	9.02286e-06	0	8.82e-06	2.51429e-07	2.81143e-06	9.70914e-05
11	11000	0.260192	82.3455	4.68571e-06	9.01714e-06	0	8.81714e-06	2.45714e-07	2.81714e-06	9.55714e-05
11	11000	0.259616	81.9438	4.68571e-06	9.01714e-06	0	8.81714e-06	2.48571e-07	2.81429e-06	9.16657e-05
11	11000	0.258142	82.2317	4.68571e-06	9.01143e-06	0	8.82571e-06	2.48571e-07	2.81429e-06	9.37914e-05
11	11000	0.261615	82.1579	4.68857e-06	9.02286e-06	0	8.81714e-06	2.48571e-07	2.81429e-06	9.37086e-05
12	12000	0.307272	84.8263	5e-06	9.54571e-06	0	9.48286e-06	2.4e-07	3.04857e-06	0.000128691
12	12000	0.309583	84.6767	4.99429e-06	9.52e-06	0	9.47714e-06	2.4e-07	3.04571e-06	0.000126486
12	12000	0.304943	84.6872	4.99429e-06	9.53429e-06	0	9.47714e-06	2.4e-07	3.04571e-06	0.000126229
12	12000	0.304436	84.6545	4.99714e-06	9.53429e-06	0	9.48286e-06	2.4e-07	3.05429e-06	0.00012542
12	12000	0.306454	84.7295	5.00571e-06	9.53714e-06	0	9.47714e-06	2.4e-07	3.05143e-06	0.00012706
12	12000	0.305003	84.6128	4.98286e-06	9.52857e-06	0	9.46286e-06	2.4e-07	3.04857e-06	0.000125397
12	12000	0.303234	84.4008	4.98857e-06	9.52857e-06	0	9.46286e-06	2.4e-07	3.04571e-06	0.00012302
12	12000	0.3038	84.7607	4.99714e-06	9.53429e-06	0	9.49429e-06	2.4e-07	3.04857e-06	0.000127109
12	12000	0.305605	84.7206	4.99714e-06	9.54e-06	0	9.46857e-06	2.4e-07	3.05143e-06	0.000127197
12	12000	0.305455	84.9369	5e-06	9.53429e-06	0	9.49143e-06	2.4e-07	3.04857e-06	0.000129774
