N_THREADS	N_TRANSACTIONS	TIME	N_ABORTS	PROCESS_READ_TIME	PROCESS_WRITE_TIME	PROCESS_VALIDATION_TIME	PROCESS_OTHER_TIME	COMMIT_VALIDATION_TIME	COMMIT_OTHER_TIME	WASTED_TIME
1	4096	2.27854	0	5.43571e-05	9.27029e-05	0	0.000101483	6.48571e-07	1.618e-05	2.44e-06
1	4096	2.27891	0	5.42914e-05	9.27886e-05	0	0.000101523	6.45714e-07	1.61971e-05	2.43714e-06
1	4096	2.27889	0	5.43857e-05	9.27286e-05	0	0.000101509	6.51429e-07	1.61829e-05	2.44286e-06
1	4096	2.27884	0	5.43514e-05	9.27514e-05	0	0.000101497	6.51429e-07	1.61829e-05	2.44e-06
1	4096	2.27898	0	5.43914e-05	9.27257e-05	0	0.00010152	6.51429e-07	1.61829e-05	2.44571e-06
1	4096	2.27892	0	5.43886e-05	9.27314e-05	0	0.000101509	6.51429e-07	1.61829e-05	2.44571e-06
1	4096	2.27901	0	5.43914e-05	9.274e-05	0	0.000101506	6.51429e-07	1.61857e-05	2.44571e-06
1	4096	2.27926	0	5.44343e-05	9.27686e-05	0	0.000101506	6.45714e-07	1.62257e-05	2.44e-06
1	4096	2.27908	0	5.43943e-05	9.27457e-05	0	0.000101514	6.51429e-07	1.61829e-05	2.44571e-06
1	4096	2.2791	0	5.43714e-05	9.27714e-05	0	0.000101517	6.51429e-07	1.61829e-05	2.44571e-06
2	4096	1.14381	0.799225	5.44314e-05	9.28543e-05	0	0.000101663	6.68571e-07	1.63314e-05	2.66e-06
2	4096	1.14407	0.895233	5.446e-05	9.28343e-05	0	0.0001017	6.82857e-07	1.63429e-05	2.68286e-06
2	4096	1.14462	0.967118	5.45086e-05	9.288e-05	0	0.000101751	6.82857e-07	1.64257e-05	2.69429e-06
2	4096	1.14391	0.70303	5.44543e-05	9.28457e-05	0	0.000101689	6.74286e-07	1.63343e-05	2.64571e-06
2	4096	1.14409	0.895233	5.44543e-05	9.28514e-05	0	0.000101694	6.88571e-07	1.63486e-05	2.68286e-06
2	4096	1.1443	0.895233	5.44771e-05	9.28743e-05	0	0.000101729	6.85714e-07	1.63714e-05	2.68571e-06
2	4096	1.14422	0.775194	5.44657e-05	9.28971e-05	0	0.000101717	6.88571e-07	1.63629e-05	2.66571e-06
2	4096	1.14419	0.895233	5.45314e-05	9.28457e-05	0	0.000101686	6.88571e-07	1.63829e-05	2.66857e-06
2	4096	1.14399	0.919207	5.44514e-05	9.28629e-05	0	0.000101683	6.85714e-07	1.63343e-05	2.68e-06
2	4096	1.14381	0.823245	5.44657e-05	9.28229e-05	0	0.000101671	6.82857e-07	1.63114e-05	2.65714e-06
3	4096	0.895866	76.186	5.62914e-05	9.66229e-05	0	0.000104003	5.82571e-06	1.69086e-05	8.44229e-05
3	4096	0.895908	76.1902	5.62943e-05	9.66571e-05	0	0.000104046	5.78e-06	1.68971e-05	8.41114e-05
3	4096	0.89709	76.204	5.62943e-05	9.66429e-05	0	0.000104083	5.89714e-06	1.69086e-05	8.44743e-05
3	4096	0.898307	76.0552	5.63029e-05	9.66371e-05	0	0.000104049	5.80571e-06	1.68971e-05	8.38229e-05
3	4096	0.901259	76.4232	5.62886e-05	9.662e-05	0	0.000104031	5.62286e-06	1.68857e-05	8.57314e-05
3	4096	0.896597	75.8704	5.63086e-05	9.666e-05	0	0.000104026	5.94857e-06	1.69029e-05	8.284e-05
3	4096	0.89496	75.7202	5.63057e-05	9.66629e-05	0	0.000104034	5.92571e-06	1.69e-05	8.21686e-05
3	4096	0.896896	76.3387	5.62857e-05	9.666e-05	0	0.000104049	5.83429e-06	1.69057e-05	8.49743e-05
3	4096	0.894562	75.6393	5.62857e-05	9.66314e-05	0	0.000104034	5.88571e-06	1.69057e-05	8.196e-05
3	4096	0.897712	76.2509	5.63086e-05	9.66686e-05	0	0.00010404	5.82857e-06	1.69114e-05	8.40857e-05
4	4096	0.814646	86.8287	5.86286e-05	0.000101051	0	0.000106786	8.84857e-06	1.76086e-05	0.000200443
4	4096	0.813923	86.8693	5.85771e-05	0.000101014	0	0.00010676	8.72857e-06	1.76371e-05	0.000200874
4	4096	0.815285	86.8827	5.862e-05	0.000101117	0	0.00010676	8.77429e-06	1.76286e-05	0.00020216
4	4096	0.818195	86.7336	5.85486e-05	0.000100954	0	0.000106691	8.67429e-06	1.76257e-05	0.000199957
4	4096	0.819427	86.9083	5.862e-05	0.000101043	0	0.000106771	8.70857e-06	1.764e-05	0.000201843
4	4096	0.814163	86.8164	5.86257e-05	0.00010108	0	0.000106757	8.91143e-06	1.76429e-05	0.000200703
4	4096	0.814545	86.9608	5.86371e-05	0.00010108	0	0.000106771	8.83429e-06	1.76257e-05	0.000204106
4	4096	0.81873	87.2898	5.864e-05	0.000101097	0	0.000106769	8.68e-06	1.76486e-05	0.000209391
4	4096	0.826154	86.955	5.85657e-05	0.000100969	0	0.00010674	8.58857e-06	1.762e-05	0.000203649
4	4096	0.815199	87.1796	5.86571e-05	0.000101117	0	0.000106811	8.70286e-06	1.76486e-05	0.000207189
5	4096	0.815197	91.4711	6.16257e-05	0.000106671	0	0.000110106	1.07943e-05	1.87371e-05	0.00038
5	4096	0.819095	91.4629	6.16657e-05	0.000106663	0	0.000110109	1.06457e-05	1.87486e-05	0.000378351
5	4096	0.814505	91.5277	6.17257e-05	0.000106729	0	0.000110157	1.08629e-05	1.87743e-05	0.000381169
5	4096	0.823296	91.3901	6.16114e-05	0.000106526	0	0.000110023	1.07029e-05	1.86886e-05	0.000376009
5	4096	0.821585	91.3252	6.16e-05	0.000106489	0	0.000109971	1.07971e-05	1.86886e-05	0.00037242
5	4096	0.821057	91.3123	6.15257e-05	0.000106457	0	0.000109926	1.05086e-05	1.86886e-05	0.000373794
5	4096	0.823133	91.3616	6.15514e-05	0.00010646	0	0.000109963	1.04971e-05	1.87143e-05	0.000373483
5	4096	0.818806	91.4856	6.16143e-05	0.00010662	0	0.000110089	1.06114e-05	1.87229e-05	0.000379223
5	4096	0.815881	91.475	6.164e-05	0.000106606	0	0.000110071	1.06771e-05	1.87171e-05	0.00038068
5	4096	0.818209	91.3993	6.15914e-05	0.00010654	0	0.000109994	1.072e-05	1.86886e-05	0.000377709
6	4096	0.838662	93.3802	6.47514e-05	0.000112317	0	0.00011342	1.174e-05	2.00886e-05	0.000578431
6	4096	0.845567	93.5255	6.48629e-05	0.000112483	0	0.000113583	1.16171e-05	2.02057e-05	0.000589374
6	4096	0.840883	93.3161	6.46257e-05	0.000112137	0	0.000113314	1.15629e-05	2.01257e-05	0.000569017
6	4096	0.848077	93.2469	6.44457e-05	0.000111697	0	0.000113111	1.12629e-05	1.99829e-05	0.000561843
6	4096	0.84345	93.4098	6.47429e-05	0.000112277	0	0.0001134	1.16171e-05	2.00886e-05	0.000576131
6	4096	0.840158	93.4028	6.47829e-05	0.000112311	0	0.000113506	1.178e-05	2.01171e-05	0.000575526
6	4096	0.842049	93.4419	6.47343e-05	0.000112286	0	0.000113349	1.16086e-05	2.01e-05	0.000580591
6	4096	0.844153	93.4416	6.48229e-05	0.000112446	0	0.000113554	1.17514e-05	2.01971e-05	0.00057816
6	4096	0.844154	93.5481	6.48686e-05	0.000112597	0	0.000113649	1.16143e-05	2.01486e-05	0.000588531
6	4096	0.837847	93.5415	6.50543e-05	0.000112811	0	0.000113706	1.18343e-05	2.02171e-05	0.000589349
7	4096	0.875075	94.5589	6.78857e-05	0.000118077	0	0.000116843	1.23571e-05	2.15429e-05	0.000792331
7	4096	0.887411	94.4601	6.76714e-05	0.000117643	0	0.000116554	1.21543e-05	2.14343e-05	0.000779943
7	4096	0.87391	94.6372	6.81114e-05	0.000118603	0	0.000117189	1.25971e-05	2.16e-05	0.000806031
7	4096	0.873526	94.4608	6.76171e-05	0.000117597	0	0.000116557	1.22943e-05	2.13571e-05	0.000783654
7	4096	0.882352	94.6031	6.80914e-05	0.000118389	0	0.000117023	1.24114e-05	2.17029e-05	0.000805503
7	4096	0.86817	94.6073	6.81286e-05	0.000118477	0	0.000117051	1.25143e-05	2.16429e-05	0.000803157
7	4096	0.871284	94.5355	6.78371e-05	0.000117971	0	0.000116803	1.23429e-05	2.15343e-05	0.000793126
7	4096	0.884454	94.6071	6.81686e-05	0.00011844	0	0.000117017	1.256e-05	2.15914e-05	0.000802329
7	4096	0.872563	94.6271	6.81857e-05	0.000118574	0	0.000117106	1.25771e-05	2.17143e-05	0.000810777
7	4096	0.879384	94.6294	6.81657e-05	0.000118443	0	0.00011708	1.25857e-05	2.16743e-05	0.000801911
8	4096	0.923565	95.3892	7.15686e-05	0.000124949	0	0.000120929	1.342e-05	2.32057e-05	0.00103353
8	4096	0.909379	95.4645	7.18629e-05	0.000125489	0	0.000121217	1.35257e-05	2.34343e-05	0.00107123
8	4096	0.90675	95.361	7.14771e-05	0.000124797	0	0.000120751	1.33943e-05	2.30686e-05	0.001034
8	4096	0.914078	95.3598	7.14886e-05	0.000124777	0	0.000120703	1.32686e-05	2.322e-05	0.00103603
8	4096	0.913713	95.3556	7.152e-05	0.000124749	0	0.000120691	1.31514e-05	2.32114e-05	0.00103275
8	4096	0.922481	95.3728	7.14057e-05	0.000124643	0	0.000120723	1.33714e-05	2.32e-05	0.00104746
8	4096	0.908005	95.3828	7.13943e-05	0.000124694	0	0.000120777	1.34514e-05	2.318e-05	0.00104322
8	4096	0.914428	95.3414	7.12686e-05	0.000124423	0	0.00012062	1.33457e-05	2.30543e-05	0.00102807
8	4096	0.910062	95.3434	7.13914e-05	0.000124663	0	0.000120723	1.32029e-05	2.32486e-05	0.00103124
8	4096	0.913773	95.3607	7.15943e-05	0.000124929	0	0.000120794	1.338e-05	2.31371e-05	0.00103427
9	4096	0.95783	95.9185	7.49857e-05	0.000131269	0	0.00012466	1.42657e-05	2.48714e-05	0.0013016
9	4096	0.94784	95.939	7.49829e-05	0.000131237	0	0.000124509	1.43514e-05	2.46457e-05	0.00129599
9	4096	0.950959	95.9487	7.50629e-05	0.000131369	0	0.000124591	1.40657e-05	2.48686e-05	0.00130003
9	4096	0.947811	96.0261	7.55286e-05	0.000132354	0	0.000125157	1.44171e-05	2.494e-05	0.0013113
9	4096	0.942893	95.9857	7.54657e-05	0.000132074	0	0.000124994	1.43943e-05	2.48257e-05	0.00131398
9	4096	0.945853	96.0004	7.52771e-05	0.000132034	0	0.000124986	1.42057e-05	2.48743e-05	0.00131791
9	4096	0.946764	95.9857	7.51657e-05	0.000131703	0	0.000124766	1.42743e-05	2.48514e-05	0.00131572
9	4096	0.950107	96.0387	7.57543e-05	0.000132814	0	0.00012546	1.454e-05	2.50029e-05	0.00132688
9	4096	0.939217	95.9488	7.518e-05	0.000131657	0	0.00012484	1.42429e-05	2.47314e-05	0.00129613
9	4096	0.943025	95.9363	7.51571e-05	0.000131543	0	0.000124683	1.42971e-05	2.47314e-05	0.00129889
10	4096	0.987426	96.4178	7.91743e-05	0.00013916	0	0.00012918	1.51714e-05	2.63657e-05	0.00157466
10	4096	0.996488	96.4379	7.93829e-05	0.00013952	0	0.000129346	1.53114e-05	2.63743e-05	0.00159144
10	4096	0.991043	96.4979	7.97171e-05	0.000140117	0	0.000129777	1.54514e-05	2.65971e-05	0.00161839
10	4096	0.975769	96.2894	7.832e-05	0.000137329	0	0.000128109	1.49743e-05	2.59171e-05	0.00152885
10	4096	0.98594	96.4453	7.94114e-05	0.000139654	0	0.000129529	1.52743e-05	2.64514e-05	0.0015824
10	4096	0.983665	96.4339	7.93429e-05	0.000139411	0	0.000129346	1.53829e-05	2.63571e-05	0.00157931
10	4096	0.976707	96.3412	7.85971e-05	0.000138026	0	0.000128597	1.50943e-05	2.61714e-05	0.00153225
10	4096	0.987852	96.3567	7.88343e-05	0.000138486	0	0.00012882	1.52229e-05	2.62629e-05	0.00155352
10	4096	0.992647	96.4292	7.93086e-05	0.000139417	0	0.000129311	1.53457e-05	2.63457e-05	0.00159488
10	4096	0.989402	96.4084	7.90714e-05	0.000138869	0	0.000128977	1.51429e-05	2.63429e-05	0.00156997
11	4096	1.04056	96.8581	8.43e-05	0.000148589	0	0.000134614	1.62914e-05	2.78457e-05	0.00194016
11	4096	1.03972	96.8009	8.358e-05	0.000147389	0	0.000133914	1.61429e-05	2.74743e-05	0.0019064
11	4096	1.0334	96.8224	8.40057e-05	0.000148086	0	0.00013434	1.62314e-05	2.78286e-05	0.00190493
11	4096	1.03449	96.7122	8.29771e-05	0.00014624	0	0.000133226	1.60257e-05	2.73743e-05	0.00183549
11	4096	1.03722	96.858	8.42086e-05	0.000148369	0	0.000134534	1.63943e-05	2.78171e-05	0.00192485
11	4096	1.03274	96.7914	8.35286e-05	0.000147174	0	0.000133823	1.60086e-05	2.77057e-05	0.00186996
11	4096	1.06371	96.8499	8.45171e-05	0.000148986	0	0.000134754	1.60714e-05	2.79114e-05	0.00194277
11	4096	1.01948	96.6528	8.21657e-05	0.000144423	0	0.000132317	1.57257e-05	2.72229e-05	0.00180838
11	4096	1.04008	96.8554	8.44657e-05	0.000148869	0	0.000134754	1.65743e-05	2.796e-05	0.00192423
11	4096	1.04088	96.8045	8.37886e-05	0.000147677	0	0.000133969	1.61057e-05	2.74829e-05	0.00190875
12	4096	1.09651	97.1423	8.92257e-05	0.000157749	0	0.000140391	1.72171e-05	2.88371e-05	0.00227105
12	4096	1.08398	97.0533	8.79171e-05	0.000155223	0	0.000138794	1.67543e-05	2.85857e-05	0.00218791
12	4096	1.10049	97.1648	8.94286e-05	0.000158049	0	0.000140351	1.71829e-05	2.89486e-05	0.00227835
12	4096	1.09712	97.1863	8.98857e-05	0.000159114	0	0.000141114	1.72857e-05	2.91629e-05	0.0023005
12	4096	1.08185	97.1217	8.86914e-05	0.000156743	0	0.000139766	1.69943e-05	2.89229e-05	0.00224148
12	4096	1.11088	97.222	9.06286e-05	0.000160011	0	0.000141666	1.71971e-05	2.93543e-05	0.00232395
12	4096	1.08398	97.1408	8.906e-05	0.000157557	0	0.0001402	1.70771e-05	2.89914e-05	0.0022603
12	4096	1.09836	97.0961	8.84743e-05	0.000156246	0	0.000139577	1.67971e-05	2.86343e-05	0.00225143
12	4096	1.07077	97.0037	8.72086e-05	0.000153943	0	0.000138183	1.67257e-05	2.83829e-05	0.00216393
12	4096	1.09373	97.1303	8.89343e-05	0.000156957	0	0.000139894	1.68629e-05	2.89857e-05	0.00225492
