N_THREADS	N_TRANSACTIONS	TIME	N_ABORTS	PROCESS_READ_TIME	PROCESS_WRITE_TIME	PROCESS_VALIDATION_TIME	PROCESS_OTHER_TIME	COMMIT_VALIDATION_TIME	COMMIT_OTHER_TIME	WASTED_TIME
1	4096	2.46282	0	4.55743e-05	0.000133451	0	9.74857e-05	2.48571e-07	3.34229e-05	2.53429e-06
1	4096	2.46274	0	4.55629e-05	0.000133446	0	9.74829e-05	2.51429e-07	3.34171e-05	2.53429e-06
1	4096	2.46274	0	4.55943e-05	0.000133434	0	9.74629e-05	2.51429e-07	3.34143e-05	2.53714e-06
1	4096	2.46279	0	4.55914e-05	0.000133446	0	9.74543e-05	2.51429e-07	3.34286e-05	2.53714e-06
1	4096	2.46268	0	4.55686e-05	0.000133426	0	9.74914e-05	2.51429e-07	3.34029e-05	2.53714e-06
1	4096	2.4628	0	4.55657e-05	0.000133457	0	9.74743e-05	2.51429e-07	3.34229e-05	2.53429e-06
1	4096	2.4627	0	4.55486e-05	0.000133434	0	9.75057e-05	2.51429e-07	3.34057e-05	2.53429e-06
1	4096	2.46271	0	4.55543e-05	0.000133431	0	9.75057e-05	2.51429e-07	3.34057e-05	2.53429e-06
1	4096	2.46277	0	4.55714e-05	0.000133443	0	9.748e-05	2.51429e-07	3.342e-05	2.53143e-06
1	4096	2.46273	0	4.55543e-05	0.000133446	0	9.74886e-05	2.48571e-07	3.34143e-05	2.53143e-06
2	4096	1.23959	2.03301	4.58343e-05	0.000133917	0	9.79714e-05	2.51429e-07	3.43171e-05	2.88857e-06
2	4096	1.23966	2.07985	4.58429e-05	0.000133937	0	9.796e-05	2.51429e-07	3.43257e-05	2.89429e-06
2	4096	1.23957	1.98612	4.584e-05	0.000133931	0	9.79657e-05	2.51429e-07	3.43143e-05	2.88857e-06
2	4096	1.23964	1.96266	4.58343e-05	0.000133929	0	9.79829e-05	2.51429e-07	3.432e-05	2.88571e-06
2	4096	1.2397	2.03301	4.58371e-05	0.000133946	0	9.79771e-05	2.48571e-07	3.43371e-05	2.88857e-06
2	4096	1.23949	1.89222	4.58743e-05	0.000133917	0	9.78886e-05	2.48571e-07	3.43429e-05	2.88e-06
2	4096	1.23976	2.24344	4.58514e-05	0.000133951	0	9.79571e-05	2.51429e-07	3.43286e-05	2.91714e-06
2	4096	1.2397	2.31338	4.58343e-05	0.000133917	0	9.798e-05	2.51429e-07	3.43343e-05	2.94e-06
2	4096	1.2397	2.19675	4.584e-05	0.000133934	0	9.79686e-05	2.48571e-07	3.43171e-05	2.91143e-06
2	4096	1.23972	2.33667	4.58343e-05	0.000133923	0	9.79914e-05	2.48571e-07	3.43371e-05	2.94e-06
3	4096	0.989855	78.9127	4.74143e-05	0.000138317	0	0.000100111	2.48571e-07	3.60629e-05	0.000100231
3	4096	0.986775	79.358	4.74629e-05	0.000138334	0	0.000100146	2.48571e-07	3.60886e-05	0.000102526
3	4096	0.975858	78.8386	4.746e-05	0.000138389	0	0.000100137	2.48571e-07	3.60857e-05	9.93257e-05
3	4096	0.983405	79.0754	4.74571e-05	0.000138331	0	0.000100169	2.48571e-07	3.61057e-05	0.000101103
3	4096	0.983586	79.0871	4.74571e-05	0.000138386	0	0.000100137	2.48571e-07	3.60943e-05	0.000101043
3	4096	0.99067	78.9765	4.74457e-05	0.000138317	0	0.00010012	2.48571e-07	3.60714e-05	0.000100851
3	4096	0.980147	78.6578	4.74714e-05	0.000138366	0	0.000100149	2.48571e-07	3.60886e-05	9.86457e-05
3	4096	0.989646	79.4748	4.74571e-05	0.000138323	0	0.000100106	2.48571e-07	3.60686e-05	0.000103477
3	4096	0.985234	79.2271	4.74743e-05	0.000138337	0	0.000100154	2.48571e-07	3.60629e-05	0.000102006
3	4096	0.982196	78.8364	4.74686e-05	0.000138317	0	0.000100157	2.48571e-07	3.60857e-05	9.98e-05
4	4096	0.897225	88.787	4.92286e-05	0.000142849	0	0.000102666	2.45714e-07	3.83514e-05	0.000239211
4	4096	0.898746	88.6732	4.92143e-05	0.000142757	0	0.000102631	2.51429e-07	3.83114e-05	0.000235006
4	4096	0.888937	88.6251	4.92743e-05	0.00014286	0	0.000102711	2.51429e-07	3.83343e-05	0.000233806
4	4096	0.898975	88.8145	4.92514e-05	0.000142826	0	0.000102683	2.45714e-07	3.83229e-05	0.00023762
4	4096	0.893576	88.4704	4.922e-05	0.000142749	0	0.000102649	2.51429e-07	3.82743e-05	0.000232091
4	4096	0.895364	88.671	4.92314e-05	0.000142777	0	0.000102674	2.51429e-07	3.836e-05	0.000234803
4	4096	0.892747	88.6383	4.92171e-05	0.00014278	0	0.000102629	2.51429e-07	3.83e-05	0.000234406
4	4096	0.890404	88.3494	4.92371e-05	0.000142786	0	0.000102637	2.51429e-07	3.83286e-05	0.000227209
4	4096	0.897957	88.7271	4.92514e-05	0.000142871	0	0.000102666	2.51429e-07	3.83229e-05	0.000235157
4	4096	0.896713	88.6741	4.92143e-05	0.000142766	0	0.000102617	2.45714e-07	3.826e-05	0.000235491
5	4096	0.893557	92.3693	5.114e-05	0.000147531	0	0.000105294	2.42857e-07	4.106e-05	0.000419831
5	4096	0.883204	92.3995	5.10971e-05	0.000147477	0	0.000105269	2.42857e-07	4.10086e-05	0.000420249
5	4096	0.891245	92.2645	5.10486e-05	0.000147371	0	0.000105209	2.42857e-07	4.09743e-05	0.000414311
5	4096	0.897354	92.3451	5.108e-05	0.000147551	0	0.000105274	2.42857e-07	4.10286e-05	0.000418814
5	4096	0.885847	92.4262	5.11286e-05	0.000147517	0	0.00010536	2.42857e-07	4.10229e-05	0.000421046
5	4096	0.887341	92.3426	5.10571e-05	0.000147389	0	0.000105231	2.42857e-07	4.09829e-05	0.000418354
5	4096	0.890065	92.4369	5.112e-05	0.000147526	0	0.000105306	2.42857e-07	4.09971e-05	0.0004215
5	4096	0.885155	92.4942	5.11743e-05	0.000147683	0	0.000105403	2.42857e-07	4.118e-05	0.000422089
5	4096	0.887127	92.3062	5.11143e-05	0.000147506	0	0.000105326	2.42857e-07	4.11114e-05	0.000415594
5	4096	0.884941	92.4263	5.11486e-05	0.000147477	0	0.000105289	2.42857e-07	4.10543e-05	0.000420474
6	4096	0.908132	94.0953	5.29e-05	0.000151829	0	0.000107754	2.4e-07	4.37429e-05	0.00062888
6	4096	0.908014	94.0031	5.28457e-05	0.000151757	0	0.000107694	2.4e-07	4.35514e-05	0.000622109
6	4096	0.906811	94.0447	5.27571e-05	0.000151669	0	0.00010754	2.4e-07	4.35257e-05	0.000620629
6	4096	0.900013	94.2099	5.30857e-05	0.00015244	0	0.000108009	2.4e-07	4.378e-05	0.000639066
6	4096	0.905127	93.9954	5.28314e-05	0.000151769	0	0.000107657	2.4e-07	4.35429e-05	0.000616249
6	4096	0.900902	94.1314	5.29857e-05	0.000152103	0	0.000107863	2.4e-07	4.38657e-05	0.000627531
6	4096	0.903692	94.2084	5.30171e-05	0.000152329	0	0.000107946	2.4e-07	4.384e-05	0.000633797
6	4096	0.898809	93.9132	5.272e-05	0.000151694	0	0.000107591	2.4e-07	4.34e-05	0.000605149
6	4096	0.910803	94.1198	5.304e-05	0.000152194	0	0.000107914	2.4e-07	4.38171e-05	0.00062886
6	4096	0.90818	94.122	5.294e-05	0.000152034	0	0.000107823	2.4e-07	4.36457e-05	0.000634777
7	4096	0.934803	95.1185	5.46829e-05	0.000156531	0	0.000110169	2.4e-07	4.61457e-05	0.000851986
7	4096	0.926553	95.1109	5.46314e-05	0.000156409	0	0.000110143	2.4e-07	4.61171e-05	0.000848829
7	4096	0.928409	95.1319	5.47171e-05	0.000156531	0	0.000110271	2.4e-07	4.63514e-05	0.000846937
7	4096	0.93163	95.1414	5.46857e-05	0.000156451	0	0.000110223	2.4e-07	4.63286e-05	0.000857434
7	4096	0.924912	95.1481	5.476e-05	0.000156683	0	0.000110306	2.4e-07	4.63314e-05	0.00086348
7	4096	0.934034	95.0376	5.44657e-05	0.000156086	0	0.000109917	2.4e-07	4.584e-05	0.000847026
7	4096	0.940868	95.0847	5.47057e-05	0.000156551	0	0.000110129	2.4e-07	4.61029e-05	0.000840263
7	4096	0.921771	95.0038	5.44286e-05	0.000155983	0	0.0001099	2.4e-07	4.58229e-05	0.000834506
7	4096	0.944785	95.0971	5.45886e-05	0.000156357	0	0.000110049	2.4e-07	4.59429e-05	0.000860629
7	4096	0.926477	95.0964	5.46571e-05	0.000156491	0	0.00011016	2.4e-07	4.62743e-05	0.00085828
8	4096	0.945507	95.7074	5.60343e-05	0.00016046	0	0.000112026	2.48571e-07	4.77886e-05	0.00108221
8	4096	0.959097	95.8464	5.64514e-05	0.000161257	0	0.000112634	2.51429e-07	4.858e-05	0.00111206
8	4096	0.946474	95.8219	5.64429e-05	0.000161354	0	0.000112603	2.51429e-07	4.85914e-05	0.00110707
8	4096	0.951364	95.6983	5.60429e-05	0.000160343	0	0.000112034	2.42857e-07	4.75629e-05	0.0010681
8	4096	0.951326	95.7806	5.63829e-05	0.000161037	0	0.000112434	2.51429e-07	4.81886e-05	0.00108532
8	4096	0.946862	95.7597	5.61857e-05	0.000160623	0	0.000112271	2.48571e-07	4.81714e-05	0.00110098
8	4096	0.94968	95.8045	5.63686e-05	0.000161049	0	0.000112523	2.51429e-07	4.84657e-05	0.00110181
8	4096	0.945859	95.7166	5.62e-05	0.000160569	0	0.000112234	2.51429e-07	4.81371e-05	0.00107623
8	4096	0.95209	95.7701	5.63743e-05	0.000161194	0	0.000112466	2.45714e-07	4.82286e-05	0.00108263
8	4096	0.953425	95.8044	5.64229e-05	0.000161129	0	0.000112486	2.48571e-07	4.83657e-05	0.00110765
9	4096	0.978904	96.3563	5.83171e-05	0.000166389	0	0.000115063	2.31429e-07	5.04029e-05	0.00136322
9	4096	0.98826	96.2586	5.78571e-05	0.000165414	0	0.000114457	2.31429e-07	4.98514e-05	0.00132574
9	4096	0.973879	96.2922	5.80771e-05	0.000165874	0	0.000114734	2.31429e-07	4.98971e-05	0.0013357
9	4096	0.988809	96.4011	5.84771e-05	0.000166909	0	0.000115306	2.31429e-07	5.09057e-05	0.00136368
9	4096	0.989007	96.309	5.812e-05	0.000165929	0	0.000114794	2.31429e-07	5.00486e-05	0.00135879
9	4096	0.98665	96.2377	5.77771e-05	0.000165151	0	0.000114343	2.31429e-07	4.97829e-05	0.00131876
9	4096	0.979948	96.2706	5.804e-05	0.000165703	0	0.0001147	2.31429e-07	5.01771e-05	0.00133421
9	4096	0.979116	96.2917	5.80143e-05	0.000165634	0	0.000114694	2.31429e-07	5.01571e-05	0.00135105
9	4096	1.00342	96.2991	5.80771e-05	0.000165714	0	0.000114731	2.31429e-07	5.02286e-05	0.0013364
9	4096	0.972176	96.3059	5.81429e-05	0.000165994	0	0.000114866	2.31429e-07	5.06314e-05	0.00135105
10	4096	1.02395	96.8216	6.03257e-05	0.000172314	0	0.000117691	2.28571e-07	5.21e-05	0.00166303
10	4096	1.00178	96.6444	5.958e-05	0.000170109	0	0.000116743	2.28571e-07	5.12971e-05	0.0015866
10	4096	1.01534	96.7109	5.99343e-05	0.000171123	0	0.000117163	2.28571e-07	5.17457e-05	0.00161154
10	4096	1.01349	96.7475	6.01086e-05	0.000171657	0	0.000117449	2.28571e-07	5.17257e-05	0.00162502
10	4096	1.01668	96.7865	6.03571e-05	0.000172417	0	0.000117657	2.28571e-07	5.19714e-05	0.00163803
10	4096	1.01693	96.7757	6.02314e-05	0.000171863	0	0.000117546	2.28571e-07	5.18057e-05	0.00163599
10	4096	1.02526	96.7768	6.02314e-05	0.000171909	0	0.000117531	2.28571e-07	5.18343e-05	0.0016441
10	4096	1.01967	96.7253	6.00857e-05	0.000171343	0	0.000117303	2.28571e-07	5.16e-05	0.00162716
10	4096	1.01204	96.6517	5.97029e-05	0.00017044	0	0.0001168	2.28571e-07	5.12229e-05	0.0015939
10	4096	1.01157	96.6598	5.97629e-05	0.000170694	0	0.000116894	2.28571e-07	5.12971e-05	0.00157049
11	4096	1.04953	97.0768	6.23286e-05	0.000177914	0	0.000120171	2.51429e-07	5.31543e-05	0.00190055
11	4096	1.05418	97.0614	6.226e-05	0.000177434	0	0.000120029	2.51429e-07	5.28571e-05	0.00189682
11	4096	1.05331	97.0762	6.22029e-05	0.000177597	0	0.000120006	2.51429e-07	5.288e-05	0.00191011
11	4096	1.04701	97.0207	6.19629e-05	0.000176754	0	0.000119729	2.51429e-07	5.30457e-05	0.0018607
11	4096	1.04972	97.0262	6.202e-05	0.000176977	0	0.000119831	2.51429e-07	5.29571e-05	0.00186367
11	4096	1.04571	96.9907	6.17629e-05	0.000176263	0	0.0001194	2.51429e-07	5.246e-05	0.00185244
11	4096	1.05893	97.1089	6.24686e-05	0.00017802	0	0.00012036	2.51429e-07	5.33829e-05	0.00192749
11	4096	1.0489	97.0915	6.228e-05	0.00017768	0	0.000120171	2.45714e-07	5.33371e-05	0.00192326
11	4096	1.05404	97.1162	6.236e-05	0.000178074	0	0.000120269	2.51429e-07	5.32571e-05	0.00191999
11	4096	1.05799	97.1814	6.30371e-05	0.000179674	0	0.00012106	2.51429e-07	5.39514e-05	0.00197719
12	4096	1.09364	97.3496	6.47943e-05	0.000184763	0	0.000124103	2.4e-07	5.48143e-05	0.00224694
12	4096	1.09866	97.396	6.51714e-05	0.000185971	0	0.000124649	2.4e-07	5.48971e-05	0.00228724
12	4096	1.1074	97.3633	6.49143e-05	0.000184954	0	0.000124334	2.4e-07	5.51429e-05	0.00227647
12	4096	1.09171	97.3628	6.47971e-05	0.000184763	0	0.000124214	2.4e-07	5.50286e-05	0.00225447
12	4096	1.09563	97.3615	6.47543e-05	0.000184723	0	0.00012396	2.4e-07	5.47029e-05	0.00224137
12	4096	1.10854	97.3631	6.48914e-05	0.00018498	0	0.000124174	2.4e-07	5.47943e-05	0.0022457
12	4096	1.09923	97.4364	6.55371e-05	0.000186557	0	0.000125151	2.4e-07	5.57171e-05	0.00231639
12	4096	1.07866	97.3191	6.45571e-05	0.000184277	0	0.000123906	2.4e-07	5.50543e-05	0.00221201
12	4096	1.07854	97.291	6.43343e-05	0.00018376	0	0.00012356	2.4e-07	5.42029e-05	0.00221414
12	4096	1.0926	97.3386	6.466e-05	0.000184646	0	0.000124114	2.4e-07	5.49486e-05	0.0022235
