N_THREADS	N_TRANSACTIONS	TIME	N_ABORTS	PROCESS_READ_TIME	PROCESS_WRITE_TIME	PROCESS_VALIDATION_TIME	PROCESS_OTHER_TIME	COMMIT_VALIDATION_TIME	COMMIT_OTHER_TIME	WASTED_TIME
1	192	0.899215	0	2.02857e-05	1.19514e-05	0	0.00460101	1.62857e-07	2.22286e-05	2.43429e-06
1	192	0.899153	0	2.02743e-05	1.19686e-05	0	0.00460078	1.62857e-07	2.21571e-05	2.42571e-06
1	192	0.899255	0	2.028e-05	1.19257e-05	0	0.00460132	1.65714e-07	2.22e-05	2.41714e-06
1	192	0.899141	0	2.02514e-05	1.19343e-05	0	0.00460073	1.62857e-07	2.22257e-05	2.41429e-06
1	192	0.899269	0	2.03171e-05	1.19457e-05	0	0.00460131	1.6e-07	2.22229e-05	2.42857e-06
1	192	0.89926	0	2.02971e-05	1.19371e-05	0	0.00460128	1.65714e-07	2.22e-05	2.44571e-06
1	192	0.899282	0	2.02771e-05	1.19543e-05	0	0.00460142	1.62857e-07	2.21971e-05	2.44571e-06
1	192	0.899284	0	2.02943e-05	1.19514e-05	0	0.00460144	1.62857e-07	2.22e-05	2.43429e-06
1	192	0.899229	0	2.02343e-05	1.19429e-05	0	0.00460119	1.65714e-07	2.22057e-05	2.44e-06
1	192	0.899201	0	2.03e-05	1.19457e-05	0	0.00460099	1.65714e-07	2.22314e-05	2.41714e-06
2	192	0.495389	19.3277	2.16629e-05	1.31257e-05	0	0.00435277	1.62857e-07	2.37971e-05	0.000701703
2	192	0.495232	17.2414	2.17714e-05	1.31686e-05	0	0.00435356	1.62857e-07	2.38171e-05	0.000699117
2	192	0.495201	16.5217	2.17143e-05	1.318e-05	0	0.00435349	1.62857e-07	2.38829e-05	0.000698897
2	192	0.495453	19.3277	2.16829e-05	1.31371e-05	0	0.00435325	1.62857e-07	2.38171e-05	0.00070192
2	192	0.495252	17.2414	2.17314e-05	1.312e-05	0	0.00435325	1.65714e-07	2.38371e-05	0.000699731
2	192	0.49528	17.2414	2.16971e-05	1.314e-05	0	0.00435356	1.6e-07	2.386e-05	0.000699703
2	192	0.495463	18.9873	2.17286e-05	1.31171e-05	0	0.00435387	1.62857e-07	2.38371e-05	0.000701274
2	192	0.495232	17.2414	2.16886e-05	1.31486e-05	0	0.00435304	1.65714e-07	2.38686e-05	0.000699697
2	192	0.495215	17.2414	2.168e-05	1.31457e-05	0	0.004353	1.62857e-07	2.38743e-05	0.000699643
2	192	0.495518	19.6653	2.17543e-05	1.31114e-05	0	0.00435358	1.6e-07	2.38343e-05	0.000702146
3	192	0.431041	18.2979	2.368e-05	1.49514e-05	0	0.00435386	1.6e-07	2.51629e-05	0.00217966
3	192	0.35382	17.9487	2.15229e-05	1.26029e-05	0	0.00407129	1.57143e-07	2.33429e-05	0.00132253
3	192	0.430934	16.1572	2.37171e-05	1.494e-05	0	0.00435307	1.6e-07	2.51286e-05	0.00217721
3	192	0.354114	21.9512	2.16114e-05	1.26771e-05	0	0.00407265	1.54286e-07	2.33543e-05	0.00132631
3	192	0.353801	15.0442	2.156e-05	1.26657e-05	0	0.00406983	1.57143e-07	2.33229e-05	0.00132245
3	192	0.353799	15.0442	2.158e-05	1.26371e-05	0	0.00406983	1.57143e-07	2.33857e-05	0.00132242
3	192	0.354092	20.6612	2.15886e-05	1.26486e-05	0	0.00406839	1.6e-07	2.33114e-05	0.0013289
3	192	0.354678	25.5814	2.15343e-05	1.26657e-05	0	0.00407278	1.6e-07	2.33371e-05	0.00133556
3	192	0.355035	27.5472	2.14171e-05	1.25286e-05	0	0.00406812	1.6e-07	2.31257e-05	0.00134587
3	192	0.431074	17.5966	2.36971e-05	1.49629e-05	0	0.00435337	1.6e-07	2.51114e-05	0.00217891
4	192	0.340888	25.2918	2.39257e-05	1.47229e-05	0	0.00433095	1.6e-07	2.582e-05	0.002519
4	192	0.30473	30.6859	2.45714e-05	1.526e-05	0	0.00363144	1.6e-07	2.63086e-05	0.00252231
4	192	0.304144	23.8095	2.44886e-05	1.51914e-05	0	0.00362989	1.57143e-07	2.63343e-05	0.00251323
4	192	0.304164	26.1538	2.45429e-05	1.52171e-05	0	0.00363069	1.57143e-07	2.632e-05	0.00251597
4	192	0.340679	17.5966	2.388e-05	1.47657e-05	0	0.00433025	1.65714e-07	2.58e-05	0.00251195
4	192	0.341001	20.9877	2.392e-05	1.47657e-05	0	0.00433141	1.6e-07	2.58457e-05	0.00251424
4	192	0.340781	20.332	2.39457e-05	1.478e-05	0	0.00433032	1.62857e-07	2.58657e-05	0.00251315
4	192	0.340766	18.2979	2.39486e-05	1.48314e-05	0	0.00433135	1.62857e-07	2.58457e-05	0.00251192
4	192	0.304043	24.1107	2.43714e-05	1.51714e-05	0	0.00362905	1.57143e-07	2.624e-05	0.00251351
4	192	0.340819	23.506	2.39314e-05	1.47971e-05	0	0.00433247	1.6e-07	2.58829e-05	0.00251665
5	192	0.252455	43.5294	2.55e-05	1.57343e-05	0	0.00376634	1.6e-07	2.722e-05	0.00258129
5	192	0.253662	50.7692	2.58086e-05	1.56714e-05	0	0.00376858	1.6e-07	2.73657e-05	0.00260638
5	192	0.250795	25	2.56114e-05	1.57486e-05	0	0.00376442	1.6e-07	2.72629e-05	0.00254163
5	192	0.252036	40.1869	2.55486e-05	1.56486e-05	0	0.00376361	1.6e-07	2.71514e-05	0.0025734
5	192	0.251586	35.5705	2.56286e-05	1.584e-05	0	0.00375918	1.6e-07	2.728e-05	0.00256044
5	192	0.252457	40.1869	2.56171e-05	1.56886e-05	0	0.00376573	1.57143e-07	2.72257e-05	0.00257335
5	192	0.250592	19.6653	2.55371e-05	1.57029e-05	0	0.00376439	1.6e-07	2.73686e-05	0.00253482
5	192	0.252422	41.1043	2.54829e-05	1.56743e-05	0	0.0037629	1.57143e-07	2.73743e-05	0.00257699
5	192	0.251936	39.0476	2.56114e-05	1.57657e-05	0	0.00376515	1.6e-07	2.73171e-05	0.00257123
5	192	0.251915	37.0492	2.55771e-05	1.56257e-05	0	0.00376459	1.6e-07	2.72257e-05	0.00256851
6	192	0.234974	35.1351	2.40514e-05	1.38629e-05	0	0.00422646	1.57143e-07	2.55486e-05	0.00284861
6	192	0.233775	77.2242	2.426e-05	1.37029e-05	0	0.00409749	1.54286e-07	2.54486e-05	0.00294076
6	192	0.224883	45.6091	2.41086e-05	1.37029e-05	0	0.00410728	1.57143e-07	2.568e-05	0.00266148
6	192	0.224169	43.695	2.42514e-05	1.37114e-05	0	0.00409076	1.57143e-07	2.52886e-05	0.0026523
6	192	0.226134	56.0641	2.36886e-05	1.346e-05	0	0.00411115	1.57143e-07	2.53629e-05	0.00269934
6	192	0.226638	46.5181	2.446e-05	1.38971e-05	0	0.00411995	1.62857e-07	2.562e-05	0.00270007
6	192	0.229173	62.0553	2.386e-05	1.35971e-05	0	0.00411333	1.54286e-07	2.53429e-05	0.00278602
6	192	0.224847	45.1429	2.41257e-05	1.37571e-05	0	0.00409218	1.6e-07	2.55571e-05	0.00267279
6	192	0.22695	61.4458	2.40429e-05	1.36514e-05	0	0.00410041	1.57143e-07	2.52543e-05	0.00273155
6	192	0.269868	52.2388	2.53343e-05	1.47457e-05	0	0.0047309	1.6e-07	2.67914e-05	0.00327899
7	192	0.236573	81.9549	2.60457e-05	1.49486e-05	0	0.00447767	1.57143e-07	2.75314e-05	0.00386516
7	192	0.236874	79.377	2.59e-05	1.46686e-05	0	0.00456994	1.54286e-07	2.68171e-05	0.00375955
7	192	0.237062	79.9373	2.62229e-05	1.44886e-05	0	0.0045807	1.6e-07	2.71714e-05	0.00374401
7	192	0.233714	77.1971	2.55771e-05	1.45171e-05	0	0.00452551	1.57143e-07	2.67571e-05	0.00368789
7	192	0.229993	80.1242	2.46229e-05	1.38857e-05	0	0.0046086	1.57143e-07	2.62286e-05	0.00349208
7	192	0.235153	78.8546	2.57343e-05	1.438e-05	0	0.00453323	1.6e-07	2.69257e-05	0.00371867
7	192	0.235477	75.7269	2.54286e-05	1.424e-05	0	0.00447087	1.54286e-07	2.66086e-05	0.00381133
7	192	0.241117	84.5659	2.59886e-05	1.45e-05	0	0.00448066	1.54286e-07	2.72029e-05	0.0039848
7	192	0.246594	84.9294	2.63086e-05	1.484e-05	0	0.0043752	1.54286e-07	2.73286e-05	0.00426168
7	192	0.234753	77.3852	2.63029e-05	1.46e-05	0	0.00457199	1.57143e-07	2.73057e-05	0.00368286
8	192	0.229361	82.5929	2.81114e-05	1.61657e-05	0	0.00407083	1.62857e-07	2.95514e-05	0.00513396
8	192	0.243603	89.9582	2.92629e-05	1.66029e-05	0	0.00408371	1.65714e-07	3.048e-05	0.00572163
8	192	0.226814	79.8531	2.80771e-05	1.62e-05	0	0.0040664	1.54286e-07	2.966e-05	0.00502523
8	192	0.253051	76.4706	2.55457e-05	1.38914e-05	0	0.00414129	1.54286e-07	2.65029e-05	0.00602201
8	192	0.226848	82.5296	2.81657e-05	1.61171e-05	0	0.00407914	1.6e-07	2.95886e-05	0.00501951
8	192	0.222878	77.752	2.81943e-05	1.61943e-05	0	0.00407547	1.6e-07	2.95514e-05	0.00485917
8	192	0.230749	85.2761	2.75657e-05	1.59914e-05	0	0.00407235	1.57143e-07	2.9e-05	0.00518823
8	192	0.230592	84.0133	2.87286e-05	1.63229e-05	0	0.00408825	1.6e-07	2.96343e-05	0.00517643
8	192	0.23391	88.015	2.91886e-05	1.68429e-05	0	0.00408825	1.6e-07	3.024e-05	0.00535033
8	192	0.228088	85.0467	2.88543e-05	1.654e-05	0	0.00408284	1.57143e-07	2.98343e-05	0.00511508
9	192	0.26455	93.4337	3.07e-05	1.76086e-05	0	0.00457631	1.54286e-07	3.23229e-05	0.00727532
9	192	0.266804	93.5872	3.18371e-05	1.80657e-05	0	0.00461787	1.57143e-07	3.26486e-05	0.00736764
9	192	0.245495	82.0393	2.94343e-05	1.71086e-05	0	0.00477735	1.6e-07	3.14829e-05	0.00593645
9	192	0.237035	84.603	3.09457e-05	1.818e-05	0	0.00456908	1.54286e-07	3.27771e-05	0.00600126
9	192	0.256507	92.4706	3.124e-05	1.78714e-05	0	0.00459149	1.54286e-07	3.24371e-05	0.00700813
9	192	0.247685	83.2607	2.908e-05	1.68257e-05	0	0.00475344	1.6e-07	3.10371e-05	0.00602318
9	192	0.27589	94.4923	3.07971e-05	1.77257e-05	0	0.00456124	1.54286e-07	3.242e-05	0.00782098
9	192	0.248412	82.8111	2.88457e-05	1.68943e-05	0	0.00476924	1.62857e-07	3.07857e-05	0.00600774
9	192	0.273621	94.4089	3.11314e-05	1.80457e-05	0	0.00459103	1.57143e-07	3.19943e-05	0.00770351
9	192	0.244094	90.5091	3.09486e-05	1.71857e-05	0	0.00436408	1.57143e-07	3.19371e-05	0.00667923
10	192	0.257869	95.5638	3.22229e-05	1.70714e-05	0	0.00434349	1.54286e-07	3.276e-05	0.00864321
10	192	0.241919	94.2342	3.19171e-05	1.75914e-05	0	0.00430975	1.51429e-07	3.28057e-05	0.00780474
10	192	0.253089	95.1916	3.21143e-05	1.73343e-05	0	0.00430486	1.57143e-07	3.29686e-05	0.00843191
10	192	0.245352	94.6309	3.23457e-05	1.81571e-05	0	0.00435525	1.57143e-07	3.31171e-05	0.0079697
10	192	0.236921	93.634	3.27686e-05	1.80743e-05	0	0.00432612	1.54286e-07	3.324e-05	0.00754404
10	192	0.222863	91.4017	3.21143e-05	1.77686e-05	0	0.0043012	1.54286e-07	3.36229e-05	0.0068288
10	192	0.239377	93.8697	3.33829e-05	1.77257e-05	0	0.00432909	1.6e-07	3.39429e-05	0.00766883
10	192	0.250412	95.0039	3.33971e-05	1.75229e-05	0	0.00440577	1.54286e-07	3.29886e-05	0.00823821
10	192	0.246294	94.6991	3.23686e-05	1.79629e-05	0	0.00431557	1.54286e-07	3.24829e-05	0.00806327
10	192	0.251176	94.9686	3.25286e-05	1.75657e-05	0	0.00435633	1.6e-07	3.27371e-05	0.00825457
11	192	0.254918	92.1311	3.31943e-05	1.87429e-05	0	0.00504303	1.54286e-07	3.49143e-05	0.00905248
11	192	0.274615	94.4023	3.322e-05	1.76857e-05	0	0.00516266	1.54286e-07	3.42029e-05	0.0100583
11	192	0.251018	91.0154	3.25686e-05	1.79e-05	0	0.00518689	1.54286e-07	3.39114e-05	0.00868848
11	192	0.291401	95.8834	3.40943e-05	1.88114e-05	0	0.00498087	1.51429e-07	3.492e-05	0.0112206
11	192	0.272043	94.7034	3.40629e-05	1.90686e-05	0	0.00501237	1.57143e-07	3.50371e-05	0.0100896
11	192	0.335993	97.1206	3.31943e-05	1.75429e-05	0	0.00523978	1.54286e-07	3.26943e-05	0.0134359
11	192	0.322012	96.8243	3.456e-05	1.83229e-05	0	0.00515951	1.54286e-07	3.47e-05	0.0127708
11	192	0.276287	94.2652	3.33314e-05	1.76171e-05	0	0.00509351	1.54286e-07	3.338e-05	0.010211
11	192	0.295549	95.7276	3.34686e-05	1.89371e-05	0	0.00515315	1.57143e-07	3.41514e-05	0.0112941
11	192	0.29487	95.9841	3.28743e-05	1.80971e-05	0	0.0050289	1.57143e-07	3.43829e-05	0.0112992
12	192	0.302016	96.6179	3.58657e-05	1.92571e-05	0	0.00514543	1.57143e-07	3.70714e-05	0.0131975
12	192	0.358154	97.8466	3.582e-05	1.95171e-05	0	0.00507926	1.57143e-07	3.73029e-05	0.0167536
12	192	0.357883	97.829	3.58343e-05	1.96e-05	0	0.00515237	1.54286e-07	3.674e-05	0.0166458
12	192	0.341813	97.5849	3.53114e-05	1.948e-05	0	0.0051053	1.51429e-07	3.62486e-05	0.0157034
12	192	0.310029	96.8786	3.50543e-05	1.85743e-05	0	0.00513037	1.6e-07	3.55714e-05	0.0136504
12	192	0.334424	97.4846	3.59971e-05	1.92171e-05	0	0.00507595	1.6e-07	3.64657e-05	0.0153051
12	192	0.324468	97.2326	3.51971e-05	1.96371e-05	0	0.00510294	1.54286e-07	3.69543e-05	0.0145802
12	192	0.268485	94.1624	3.50971e-05	1.96829e-05	0	0.00540263	1.6e-07	3.68629e-05	0.0108484
12	192	0.284331	96.338	3.60714e-05	1.90286e-05	0	0.00495956	1.57143e-07	3.66971e-05	0.0122299
12	192	0.374774	98.0626	3.70286e-05	2.01457e-05	0	0.00516001	1.57143e-07	3.74229e-05	0.0176736
