N_THREADS	N_TRANSACTIONS	TIME	N_ABORTS	PROCESS_READ_TIME	PROCESS_WRITE_TIME	PROCESS_VALIDATION_TIME	PROCESS_OTHER_TIME	COMMIT_VALIDATION_TIME	COMMIT_OTHER_TIME	WASTED_TIME
1	192	0.892142	0	1.02771e-05	1.01829e-05	0	0.00459285	3.71429e-08	1.51886e-05	1.19714e-06	0.97
1	192	0.89213	0	1.02286e-05	1.01886e-05	0	0.00459277	3.71429e-08	1.52371e-05	1.21429e-06	0.94
1	192	0.892115	0	1.02257e-05	1.016e-05	0	0.00459273	3.71429e-08	1.52343e-05	1.20571e-06	0.94
1	192	0.892051	0	1.02486e-05	1.01914e-05	0	0.00459233	3.71429e-08	1.52314e-05	1.22857e-06	0.94
1	192	0.892029	0	1.02514e-05	1.02e-05	0	0.00459221	3.71429e-08	1.52286e-05	1.20857e-06	0.94
1	192	0.891992	0	1.02457e-05	1.02029e-05	0	0.00459203	3.71429e-08	1.52057e-05	1.21143e-06	0.94
1	192	0.892063	0	1.02343e-05	1.02029e-05	0	0.00459241	3.71429e-08	1.522e-05	1.21429e-06	0.94
1	192	0.892016	0	1.02543e-05	1.02229e-05	0	0.00459213	3.71429e-08	1.522e-05	1.20857e-06	0.94
1	192	0.892066	0	1.028e-05	1.01971e-05	0	0.00459239	3.71429e-08	1.52286e-05	1.19714e-06	0.94
1	192	0.892031	0	1.02486e-05	1.01971e-05	0	0.00459226	3.71429e-08	1.52057e-05	1.22e-06	0.94
2	192	0.493538	2.53807	1.32514e-05	1.32657e-05	0	0.00430937	3.14286e-08	1.79514e-05	0.000730943	0.56
2	192	0.493467	2.53807	1.32457e-05	1.33143e-05	0	0.00430884	3.14286e-08	1.80229e-05	0.000730749	0.53
2	192	0.493518	2.53807	1.32314e-05	1.32886e-05	0	0.00430947	3.14286e-08	1.79657e-05	0.000730909	0.54
2	192	0.493469	2.53807	1.324e-05	1.32686e-05	0	0.00430899	3.42857e-08	1.79686e-05	0.00073096	0.54
2	192	0.493496	2.53807	1.32514e-05	1.32886e-05	0	0.00430907	3.42857e-08	1.80057e-05	0.000730783	0.54
2	192	0.493541	2.53807	1.32e-05	1.33057e-05	0	0.00430919	3.14286e-08	1.79686e-05	0.00073088	0.54
2	192	0.493505	2.53807	1.32371e-05	1.32943e-05	0	0.00430906	3.71429e-08	1.794e-05	0.000730911	0.54
2	192	0.493545	2.53807	1.322e-05	1.32543e-05	0	0.00430931	3.42857e-08	1.79543e-05	0.000730954	0.54
2	192	0.493577	2.53807	1.32029e-05	1.33114e-05	0	0.0043092	3.42857e-08	1.79571e-05	0.000731054	0.54
2	192	0.493475	2.53807	1.32514e-05	1.32829e-05	0	0.00430879	3.71429e-08	1.80029e-05	0.00073092	0.54
3	192	0.365411	4.9505	1.15171e-05	1.15543e-05	0	0.004329	3.14286e-08	1.69886e-05	0.00114567	0.44
3	192	0.351971	5.41872	1.12657e-05	1.12514e-05	0	0.00416739	3.14286e-08	1.65829e-05	0.00123568	0.41
3	192	0.365453	4.9505	1.156e-05	1.15886e-05	0	0.00432959	3.42857e-08	1.69771e-05	0.00114588	0.41
3	192	0.352038	5.41872	1.12943e-05	1.12114e-05	0	0.00416792	3.14286e-08	1.65371e-05	0.0012358	0.41
3	192	0.352003	5.41872	1.12571e-05	1.12371e-05	0	0.00416802	3.14286e-08	1.658e-05	0.00123557	0.40
3	192	0.365477	4.9505	1.16029e-05	1.15429e-05	0	0.00432965	3.42857e-08	1.69829e-05	0.00114572	0.41
3	192	0.352035	5.41872	1.13171e-05	1.122e-05	0	0.00416782	3.14286e-08	1.656e-05	0.00123581	0.41
3	192	0.365492	4.9505	1.15743e-05	1.15714e-05	0	0.00433003	3.42857e-08	1.696e-05	0.00114594	0.41
3	192	0.36542	4.9505	1.15457e-05	1.15743e-05	0	0.00432938	3.14286e-08	1.69771e-05	0.00114562	0.42
3	192	0.352002	5.41872	1.128e-05	1.12e-05	0	0.00416784	3.14286e-08	1.65686e-05	0.0012358	0.40
4	192	0.295978	4.47761	1.25e-05	1.25686e-05	0	0.00391733	3.14286e-08	1.792e-05	0.00178293	0.37
4	192	0.29601	4.47761	1.25257e-05	1.25657e-05	0	0.00391725	3.14286e-08	1.79057e-05	0.00178292	0.34
4	192	0.29602	4.47761	1.252e-05	1.26057e-05	0	0.00391726	3.14286e-08	1.78943e-05	0.00178301	0.35
4	192	0.296016	4.47761	1.25286e-05	1.25829e-05	0	0.00391732	3.14286e-08	1.79229e-05	0.0017831	0.34
4	192	0.296016	4.47761	1.25657e-05	1.25286e-05	0	0.00391696	3.14286e-08	1.79086e-05	0.00178286	0.35
4	192	0.296011	4.47761	1.25657e-05	1.25743e-05	0	0.00391771	3.14286e-08	1.79257e-05	0.00178283	0.35
4	192	0.295985	4.47761	1.252e-05	1.25657e-05	0	0.00391684	3.14286e-08	1.79114e-05	0.00178299	0.35
4	192	0.296043	4.47761	1.26029e-05	1.25543e-05	0	0.00391725	3.14286e-08	1.79371e-05	0.00178294	0.34
4	192	0.295988	4.47761	1.25314e-05	1.25457e-05	0	0.00391779	3.14286e-08	1.792e-05	0.00178313	0.35
4	192	0.295967	4.47761	1.25314e-05	1.25914e-05	0	0.0039169	3.14286e-08	1.78886e-05	0.001783	0.34
5	192	0.247475	7.69231	1.33686e-05	1.332e-05	0	0.00369066	2.85714e-08	1.90886e-05	0.002488	0.32
5	192	0.247444	7.69231	1.34429e-05	1.33914e-05	0	0.00369096	2.85714e-08	1.90343e-05	0.00248771	0.30
5	192	0.247456	7.69231	1.33829e-05	1.33857e-05	0	0.00369522	2.85714e-08	1.908e-05	0.00248798	0.30
5	192	0.24749	7.69231	1.33371e-05	1.33e-05	0	0.003691	2.85714e-08	1.90571e-05	0.0024885	0.30
5	192	0.247498	7.69231	1.33943e-05	1.33257e-05	0	0.00369157	2.85714e-08	1.90914e-05	0.00248834	0.29
5	192	0.247406	7.69231	1.33657e-05	1.33371e-05	0	0.00369034	2.85714e-08	1.90914e-05	0.00248776	0.29
5	192	0.247495	7.69231	1.33629e-05	1.334e-05	0	0.00369513	2.85714e-08	1.902e-05	0.00248821	0.30
5	192	0.247547	7.69231	1.33486e-05	1.33429e-05	0	0.00369184	2.85714e-08	1.90343e-05	0.00248851	0.30
5	192	0.247425	7.69231	1.33857e-05	1.33629e-05	0	0.00369073	2.85714e-08	1.91057e-05	0.00248771	0.29
5	192	0.247457	7.69231	1.33114e-05	1.33257e-05	0	0.00369057	2.85714e-08	1.90486e-05	0.00248784	0.29
6	192	0.284812	12.3288	1.52057e-05	1.51171e-05	0	0.00415802	3.14286e-08	2.11371e-05	0.00395415	0.35
6	192	0.284901	12.3288	1.512e-05	1.51229e-05	0	0.0041579	3.14286e-08	2.13143e-05	0.0039551	0.33
6	192	0.284901	12.3288	1.50943e-05	1.51486e-05	0	0.00415922	3.14286e-08	2.11571e-05	0.00395595	0.32
6	192	0.284912	12.3288	1.52629e-05	1.518e-05	0	0.00415903	3.14286e-08	2.12629e-05	0.00395601	0.34
6	192	0.284932	12.3288	1.514e-05	1.51286e-05	0	0.00415817	3.14286e-08	2.13629e-05	0.00395578	0.33
6	192	0.284837	12.3288	1.50343e-05	1.508e-05	0	0.00415715	3.42857e-08	2.12771e-05	0.00395528	0.33
6	192	0.2849	12.3288	1.51029e-05	1.51343e-05	0	0.00415874	3.42857e-08	2.13714e-05	0.00395545	0.33
6	192	0.284907	12.3288	1.51314e-05	1.52114e-05	0	0.00415893	3.14286e-08	2.12514e-05	0.00395469	0.34
6	192	0.284863	12.3288	1.52e-05	1.51571e-05	0	0.00415873	3.14286e-08	2.128e-05	0.00395454	0.34
6	192	0.284901	12.3288	1.50229e-05	1.51686e-05	0	0.00415903	3.42857e-08	2.11943e-05	0.00395502	0.33
7	192	0.225324	10.6977	1.324e-05	1.33543e-05	0	0.00401444	3.42857e-08	1.93286e-05	0.00364545	0.30
7	192	0.225315	10.6977	1.33343e-05	1.34286e-05	0	0.00401563	3.42857e-08	1.91943e-05	0.0036452	0.27
7	192	0.225349	10.6977	1.33171e-05	1.34429e-05	0	0.00401533	3.42857e-08	1.92029e-05	0.00364518	0.27
7	192	0.225274	10.6977	1.33486e-05	1.33857e-05	0	0.00401427	3.42857e-08	1.928e-05	0.00364431	0.28
7	192	0.225304	10.6977	1.33114e-05	1.33057e-05	0	0.00401471	3.42857e-08	1.93514e-05	0.00364549	0.28
7	192	0.225288	10.6977	1.32771e-05	1.34029e-05	0	0.00401606	3.42857e-08	1.92029e-05	0.00364434	0.27
7	192	0.225283	10.6977	1.33857e-05	1.34086e-05	0	0.00401612	3.42857e-08	1.92914e-05	0.00364439	0.27
7	192	0.225313	10.6977	1.33371e-05	1.32686e-05	0	0.00401653	3.42857e-08	1.92543e-05	0.0036444	0.28
7	192	0.2253	10.6977	1.332e-05	1.334e-05	0	0.00401409	3.42857e-08	1.93057e-05	0.00364448	0.28
7	192	0.225231	10.6977	1.322e-05	1.34971e-05	0	0.00401383	3.42857e-08	1.936e-05	0.00364362	0.28
8	192	0.262003	9.43396	1.02571e-05	1.02086e-05	0	0.00583496	2.85714e-08	1.55829e-05	0.00385371	0.32
8	192	0.262131	9.43396	1.03e-05	1.02571e-05	0	0.00583607	2.57143e-08	1.56657e-05	0.00385331	0.31
8	192	0.26208	9.43396	1.02514e-05	1.02171e-05	0	0.00583663	2.57143e-08	1.56e-05	0.00385417	0.31
8	192	0.261997	9.43396	1.028e-05	1.03657e-05	0	0.00583192	2.57143e-08	1.55e-05	0.00385245	0.31
8	192	0.262042	9.43396	1.02743e-05	1.01686e-05	0	0.00583221	2.57143e-08	1.55943e-05	0.00385254	0.31
8	192	0.262044	9.43396	1.02857e-05	1.02943e-05	0	0.00583535	2.57143e-08	1.55743e-05	0.00385327	0.31
8	192	0.2621	9.43396	1.02057e-05	1.03371e-05	0	0.0058359	2.57143e-08	1.55829e-05	0.00385428	0.31
8	192	0.262102	9.43396	1.03e-05	1.02771e-05	0	0.00583331	2.57143e-08	1.564e-05	0.003854	0.31
8	192	0.261966	9.43396	1.02771e-05	1.03857e-05	0	0.00583268	2.85714e-08	1.55629e-05	0.00385314	0.32
8	192	0.2622	9.43396	1.02257e-05	1.03657e-05	0	0.00583527	2.57143e-08	1.56e-05	0.00385502	0.31
9	192	0.230858	13.9013	1.40143e-05	1.41371e-05	0	0.00499024	2.28571e-08	2.05514e-05	0.00510783	0.30
9	192	0.230984	13.9013	1.39771e-05	1.42829e-05	0	0.00499398	2.57143e-08	2.06743e-05	0.00510901	0.28
9	192	0.230862	13.9013	1.40771e-05	1.41343e-05	0	0.00499015	2.28571e-08	2.05686e-05	0.0051086	0.28
9	192	0.230894	13.9013	1.39314e-05	1.40314e-05	0	0.00499075	2.28571e-08	2.05857e-05	0.00511073	0.28
9	192	0.230826	13.9013	1.40686e-05	1.39457e-05	0	0.00498877	2.57143e-08	2.05857e-05	0.00510806	0.28
9	192	0.230827	13.9013	1.39943e-05	1.41143e-05	0	0.00498886	2.57143e-08	2.06114e-05	0.00510603	0.28
9	192	0.230934	13.9013	1.38857e-05	1.41943e-05	0	0.00499053	2.57143e-08	2.05457e-05	0.00510812	0.28
9	192	0.230866	13.9013	1.39914e-05	1.41e-05	0	0.00499142	2.28571e-08	2.05286e-05	0.00510757	0.28
9	192	0.230932	13.9013	1.39286e-05	1.41057e-05	0	0.00498978	2.57143e-08	2.06914e-05	0.00510905	0.28
9	192	0.230929	13.9013	1.40343e-05	1.40429e-05	0	0.00498998	2.28571e-08	2.07343e-05	0.00510779	0.28
10	192	0.237379	15.0442	1.41714e-05	1.42314e-05	0	0.00511548	2.57143e-08	2.14514e-05	0.00641547	0.32
10	192	0.237717	15.0442	1.41543e-05	1.44629e-05	0	0.00511941	2.57143e-08	2.16257e-05	0.00642027	0.29
10	192	0.237637	15.0442	1.42686e-05	1.44914e-05	0	0.00511955	2.85714e-08	2.14e-05	0.00641609	0.29
10	192	0.23751	15.0442	1.41486e-05	1.42429e-05	0	0.00511599	2.57143e-08	2.15114e-05	0.00641683	0.29
10	192	0.237577	15.0442	1.41629e-05	1.43257e-05	0	0.00511476	2.57143e-08	2.13514e-05	0.00641686	0.29
10	192	0.237407	15.0442	1.41371e-05	1.42743e-05	0	0.00511633	2.85714e-08	2.14886e-05	0.00641337	0.29
10	192	0.237514	15.0442	1.41886e-05	1.432e-05	0	0.00512145	3.14286e-08	2.15057e-05	0.0064187	0.29
10	192	0.237535	15.0442	1.41e-05	1.43343e-05	0	0.00511836	2.57143e-08	2.166e-05	0.00641606	0.29
10	192	0.237474	15.0442	1.43086e-05	1.43029e-05	0	0.00511671	2.85714e-08	2.15257e-05	0.00641819	0.29
10	192	0.237366	15.0442	1.42457e-05	1.428e-05	0	0.00511806	2.57143e-08	2.14429e-05	0.00641683	0.29
11	192	0.183807	10.2804	1.47029e-05	1.49229e-05	0	0.00502046	2.57143e-08	2.182e-05	0.00407943	0.26
11	192	0.183739	10.2804	1.49229e-05	1.48029e-05	0	0.00502024	2.57143e-08	2.17229e-05	0.00408001	0.24
11	192	0.183949	10.2804	1.46343e-05	1.48971e-05	0	0.00502547	2.28571e-08	2.18143e-05	0.00408029	0.24
11	192	0.183748	10.2804	1.45257e-05	1.49971e-05	0	0.00502037	2.28571e-08	2.17543e-05	0.00407997	0.24
11	192	0.18375	10.2804	1.46257e-05	1.48171e-05	0	0.00501619	2.57143e-08	2.21743e-05	0.00408084	0.24
11	192	0.183758	10.2804	1.49e-05	1.49771e-05	0	0.00502202	2.57143e-08	2.20886e-05	0.00407965	0.24
11	192	0.183727	10.2804	1.44171e-05	1.49171e-05	0	0.00501253	2.28571e-08	2.16257e-05	0.00412451	0.24
11	192	0.183803	10.2804	1.47771e-05	1.48514e-05	0	0.00502031	2.85714e-08	2.19943e-05	0.00408035	0.24
11	192	0.183837	10.2804	1.49286e-05	1.51571e-05	0	0.0050297	2.28571e-08	2.19543e-05	0.00408284	0.24
11	192	0.183889	10.2804	1.47743e-05	1.46343e-05	0	0.00501259	2.57143e-08	2.20057e-05	0.00412765	0.24
12	192	0.246854	17.5966	1.53943e-05	1.60914e-05	0	0.00628873	3.14286e-08	2.308e-05	0.00738399	0.33
12	192	0.247015	17.5966	1.53086e-05	1.59057e-05	0	0.00629407	2.57143e-08	2.29743e-05	0.00738749	0.30
12	192	0.246989	17.5966	1.55771e-05	1.606e-05	0	0.00629556	2.57143e-08	2.30771e-05	0.00738557	0.30
12	192	0.241862	17.5966	1.58571e-05	1.59286e-05	0	0.00628326	2.57143e-08	2.32771e-05	0.00732754	0.30
12	192	0.241994	17.5966	1.57057e-05	1.634e-05	0	0.00627809	2.85714e-08	2.30657e-05	0.00733229	0.29
12	192	0.246954	17.5966	1.54943e-05	1.58971e-05	0	0.00629466	3.42857e-08	2.322e-05	0.007387	0.30
12	192	0.246926	17.5966	1.57257e-05	1.60057e-05	0	0.00629155	2.85714e-08	2.29743e-05	0.00738622	0.30
12	192	0.242053	17.9487	1.57514e-05	1.62714e-05	0	0.006203	2.57143e-08	2.34686e-05	0.0074476	0.30
12	192	0.238297	17.5966	1.50143e-05	1.53143e-05	0	0.00628908	2.85714e-08	2.20257e-05	0.00731023	0.29
12	192	0.246955	17.5966	1.57829e-05	1.59714e-05	0	0.00629901	2.57143e-08	2.31229e-05	0.00738253	0.30
