N_THREADS	N_TRANSACTIONS	TIME	N_ABORTS	PROCESS_READ_TIME	PROCESS_WRITE_TIME	PROCESS_VALIDATION_TIME	PROCESS_OTHER_TIME	COMMIT_VALIDATION_TIME	COMMIT_OTHER_TIME	WASTED_TIME
1	192	0.895028	0	1.96686e-05	6.89143e-06	0	0.00460144	0	6.16571e-06	1.02571e-06
1	192	0.89519	0	1.968e-05	6.88857e-06	0	0.00460223	0	6.17714e-06	1.03143e-06
1	192	0.895075	0	1.96771e-05	6.9e-06	0	0.00460162	0	6.16857e-06	1.02286e-06
1	192	0.89517	0	1.96857e-05	6.88286e-06	0	0.00460218	0	6.16571e-06	1.02e-06
1	192	0.895108	0	1.97029e-05	6.89143e-06	0	0.00460179	0	6.18857e-06	1.03143e-06
1	192	0.895177	0	1.97029e-05	6.88857e-06	0	0.00460214	0	6.16e-06	1.04286e-06
1	192	0.895052	0	1.96971e-05	6.86857e-06	0	0.00460157	0	6.16571e-06	1.02571e-06
1	192	0.895187	0	1.968e-05	6.89429e-06	0	0.00460221	0	6.16286e-06	1.02286e-06
1	192	0.895144	0	1.96914e-05	6.87143e-06	0	0.00460199	0	6.16286e-06	1.02571e-06
1	192	0.895194	0	1.96743e-05	6.88857e-06	0	0.00460225	0	6.15714e-06	1.05429e-06
2	192	0.49341	2.53807	2.122e-05	7.38286e-06	2.34286e-07	0.00437063	0	6.45714e-06	0.0006856
2	192	0.493484	3.0303	2.12057e-05	7.43714e-06	2.45714e-07	0.00437108	0	6.46571e-06	0.000685774
2	192	0.493485	2.53807	2.12057e-05	7.41714e-06	1.4e-07	0.00437129	0	6.46286e-06	0.000685726
2	192	0.493424	3.0303	2.12114e-05	7.41429e-06	2e-07	0.00437031	0	6.47714e-06	0.000685951
2	192	0.493569	3.0303	2.12086e-05	7.43429e-06	1.22857e-07	0.00437177	0	6.46e-06	0.000686146
2	192	0.49348	2.53807	2.11914e-05	7.40857e-06	2.25714e-07	0.0043711	0	6.46e-06	0.00068582
2	192	0.493549	3.0303	2.12029e-05	7.41143e-06	2.22857e-07	0.00437153	0	6.42286e-06	0.000685986
2	192	0.493449	2.53807	2.12371e-05	7.41714e-06	2.31429e-07	0.0043707	0	6.47714e-06	0.00068568
2	192	0.493508	3.0303	2.11971e-05	7.44e-06	2.02857e-07	0.00437141	0	6.48857e-06	0.000685883
2	192	0.493415	2.53807	2.11714e-05	7.4e-06	2.11429e-07	0.00437057	0	6.47429e-06	0.000685663
3	192	0.351604	6.79612	2.11543e-05	7.35429e-06	1.45714e-07	0.00406947	0	6.62857e-06	0.00131101
3	192	0.351632	6.79612	2.12086e-05	7.37429e-06	1.54286e-07	0.0040699	0	6.61143e-06	0.0013107
3	192	0.35163	6.34146	2.12657e-05	7.36286e-06	1.65714e-07	0.00406988	0	6.58857e-06	0.00131058
3	192	0.351685	6.79612	2.12657e-05	7.33143e-06	2.02857e-07	0.00407028	0	6.60286e-06	0.00131098
3	192	0.351686	6.34146	2.12086e-05	7.36286e-06	1.6e-07	0.00407037	0	6.63143e-06	0.00131097
3	192	0.351669	6.79612	2.12657e-05	7.35429e-06	1.6e-07	0.00407018	0	6.6e-06	0.00131086
3	192	0.351672	6.79612	2.126e-05	7.32571e-06	1.57143e-07	0.00407041	0	6.60857e-06	0.00131096
3	192	0.351644	6.34146	2.12514e-05	7.37143e-06	1.85714e-07	0.00407031	0	6.6e-06	0.00131075
3	192	0.351667	6.79612	2.12171e-05	7.35429e-06	1.8e-07	0.00407023	0	6.60571e-06	0.0013108
3	192	0.351629	7.24638	2.12086e-05	7.35714e-06	1.6e-07	0.00406986	0	6.62e-06	0.00131089
4	192	0.302091	11.5207	2.41314e-05	8.28286e-06	1.17143e-07	0.00363277	0	7.14286e-06	0.00249289
4	192	0.302094	11.5207	2.42286e-05	8.28857e-06	1.25714e-07	0.00363288	0	7.17143e-06	0.00249315
4	192	0.302094	11.5207	2.40886e-05	8.26857e-06	1.17143e-07	0.00363282	0	7.15143e-06	0.00249286
4	192	0.302094	11.5207	2.41371e-05	8.34e-06	1.31429e-07	0.00363295	0	7.1e-06	0.00249309
4	192	0.302084	11.5207	2.40971e-05	8.28286e-06	1.2e-07	0.00363264	0	7.14e-06	0.00249304
4	192	0.302154	11.5207	2.42114e-05	8.28e-06	1.17143e-07	0.00363339	0	7.14857e-06	0.00249377
4	192	0.30217	11.9266	2.41371e-05	8.2e-06	1.2e-07	0.00363349	0	7.14571e-06	0.00249384
4	192	0.302091	11.1111	2.42571e-05	8.29714e-06	1.2e-07	0.00363289	0	7.11714e-06	0.00249267
4	192	0.302088	11.5207	2.41371e-05	8.25143e-06	1.22857e-07	0.00363321	0	7.18e-06	0.00249318
4	192	0.3021	11.5207	2.418e-05	8.29429e-06	1.17143e-07	0.00363301	0	7.09714e-06	0.00249289
5	192	0.249117	13.5135	2.53686e-05	8.57429e-06	1.57143e-07	0.00376502	0	7.49429e-06	0.00252133
5	192	0.249154	13.9013	2.544e-05	8.53429e-06	1.82857e-07	0.00376552	0	7.49143e-06	0.00252222
5	192	0.249159	13.5135	2.53629e-05	8.58286e-06	1.8e-07	0.0037664	0	7.47143e-06	0.00252205
5	192	0.249137	13.9013	2.53771e-05	8.60857e-06	1.65714e-07	0.00376545	0	7.47143e-06	0.00252143
5	192	0.249219	14.2857	2.54886e-05	8.64286e-06	1.74286e-07	0.00376268	0	7.52e-06	0.00252287
5	192	0.249194	14.2857	2.52829e-05	8.60286e-06	1.57143e-07	0.00376628	0	7.43714e-06	0.00252253
5	192	0.249147	14.2857	2.54571e-05	8.60571e-06	1.77143e-07	0.00376621	0	7.47714e-06	0.00252225
5	192	0.249172	14.2857	2.52886e-05	8.68571e-06	1.68571e-07	0.00376657	0	7.45429e-06	0.00252248
5	192	0.249146	14.2857	2.54057e-05	8.61714e-06	1.82857e-07	0.00376577	0	7.45429e-06	0.00252229
5	192	0.249151	14.6667	2.54657e-05	8.57143e-06	2.31429e-07	0.00376525	3.71429e-08	7.51714e-06	0.00252262
6	192	0.253359	15.4185	2.50086e-05	8.41143e-06	2.77143e-07	0.00471674	4.28571e-08	7.52e-06	0.0028033
6	192	0.239767	14.2857	2.45314e-05	8.26e-06	2.22857e-07	0.00467798	0	7.59714e-06	0.00243769
6	192	0.239805	15.0442	2.45429e-05	8.20286e-06	1.65714e-07	0.00467717	0	7.60571e-06	0.00243841
6	192	0.253418	15.0442	2.48714e-05	8.43429e-06	2.48571e-07	0.0047184	5.42857e-08	7.52571e-06	0.00280396
6	192	0.253427	15.0442	2.48829e-05	8.36571e-06	2.91429e-07	0.00471956	5.14286e-08	7.66e-06	0.00280427
6	192	0.239828	15.7895	2.44629e-05	8.29143e-06	1.68571e-07	0.00467743	0	7.55429e-06	0.00243817
6	192	0.253421	15.4185	2.49771e-05	8.34857e-06	2.6e-07	0.00471809	0	7.60571e-06	0.00280359
6	192	0.253374	15.0442	2.5e-05	8.31429e-06	2.88571e-07	0.00471751	5.71429e-08	7.63714e-06	0.00280371
6	192	0.253388	15.0442	2.48714e-05	8.38857e-06	3e-07	0.0047182	1e-07	7.59143e-06	0.00280391
6	192	0.253381	15.0442	2.48943e-05	8.31714e-06	2.05714e-07	0.0047162	4.85714e-08	7.62e-06	0.00280415
7	192	0.223501	20.9877	2.68486e-05	8.95143e-06	2.2e-07	0.0045927	6.85714e-08	8.17429e-06	0.0032784
7	192	0.223633	20.9877	2.65371e-05	8.74571e-06	2.02857e-07	0.00459438	1.02857e-07	8.26286e-06	0.00327761
7	192	0.223523	20.332	2.68657e-05	9.02286e-06	2.51429e-07	0.00459352	5.71429e-08	8.14e-06	0.00327784
7	192	0.223574	20.332	2.68571e-05	8.87714e-06	2.85714e-07	0.00459267	5.71429e-08	8.1e-06	0.00327772
7	192	0.223485	20.6612	2.70171e-05	9.02571e-06	1.68571e-07	0.00456069	0	8.24571e-06	0.00330528
7	192	0.223577	20.9877	2.68543e-05	9.05429e-06	2.34286e-07	0.00459477	7.14286e-08	8.24286e-06	0.00327798
7	192	0.223602	20.9877	2.66571e-05	8.88286e-06	2.34286e-07	0.0045946	0	8.08e-06	0.00327687
7	192	0.223618	21.3115	2.658e-05	8.79429e-06	1.88571e-07	0.00459324	0	8.14571e-06	0.00327782
7	192	0.22359	20.9877	2.68257e-05	9.00286e-06	2.54286e-07	0.00459509	1.08571e-07	8.15143e-06	0.00327831
7	192	0.223489	20.9877	2.696e-05	8.98857e-06	1.65714e-07	0.00456165	0	8.18571e-06	0.0033051
8	192	0.209724	23.2	3.04457e-05	1.02143e-05	3.88571e-07	0.00414874	6.85714e-08	9.18e-06	0.00427022
8	192	0.209856	23.506	3.04114e-05	1.02971e-05	3.25714e-07	0.00415134	0	9.27143e-06	0.00427314
8	192	0.20976	22.8916	3.04914e-05	1.02743e-05	3.91429e-07	0.00414779	1.37143e-07	9.09429e-06	0.00427233
8	192	0.209784	22.5806	3.08314e-05	1.026e-05	3.62857e-07	0.00414999	0	9.15143e-06	0.00427075
8	192	0.20979	23.2	3.04257e-05	1.02657e-05	3.97143e-07	0.00414751	8e-08	9.19429e-06	0.00427166
8	192	0.20989	23.2	3.064e-05	1.024e-05	4.97143e-07	0.00415093	0	9.23143e-06	0.00427357
8	192	0.209835	23.2	3.06143e-05	1.03657e-05	6.17143e-07	0.00415046	0	9.26286e-06	0.00427171
8	192	0.209768	22.8916	3.04057e-05	1.03e-05	4.14286e-07	0.00414689	1.02857e-07	9.28286e-06	0.00427128
8	192	0.209823	23.506	3.04086e-05	1.02e-05	5.05714e-07	0.0041473	0	9.20286e-06	0.00427261
8	192	0.209809	22.5806	3.04143e-05	1.02857e-05	3.42857e-07	0.00415082	0	9.32286e-06	0.00427006
9	192	0.218448	27.5472	3.31914e-05	1.10057e-05	3.48571e-07	0.00458415	0	9.92571e-06	0.00513453
9	192	0.218023	27.2727	3.32543e-05	1.10914e-05	1.77143e-07	0.00459522	6.85714e-08	1.02629e-05	0.00509977
9	192	0.218093	26.4368	3.32914e-05	1.10657e-05	1.88571e-07	0.00459189	0	1.00257e-05	0.00510814
9	192	0.218494	27.5472	3.29543e-05	1.12371e-05	2.54286e-07	0.00458383	0	9.87429e-06	0.00513633
9	192	0.218138	26.7176	3.34286e-05	1.09771e-05	2.02857e-07	0.00459285	0	1.02029e-05	0.00510829
9	192	0.218031	27.8195	3.32829e-05	1.112e-05	1.85714e-07	0.00459515	0	1.01886e-05	0.00509948
9	192	0.218092	26.4368	3.34171e-05	1.098e-05	1.74286e-07	0.00459164	0	1.01629e-05	0.00510807
9	192	0.218999	27.8195	3.32857e-05	1.12857e-05	3.65714e-07	0.0045803	0	1.006e-05	0.00516158
9	192	0.218655	27.8195	3.292e-05	1.12743e-05	1.97143e-07	0.00458733	1.68571e-07	1.01371e-05	0.00513947
9	192	0.218523	26.9962	3.29914e-05	1.11914e-05	3.17143e-07	0.00458454	8.85714e-08	1.01257e-05	0.00513821
10	192	0.18406	29.4118	3.638e-05	1.18029e-05	7.51429e-07	0.00437081	1.22857e-07	1.09771e-05	0.00479871
10	192	0.185844	29.927	3.64886e-05	1.16743e-05	5.05714e-07	0.00435878	0	1.08257e-05	0.00490437
10	192	0.18599	30.6859	3.64629e-05	1.17829e-05	7.25714e-07	0.00436209	5.42857e-08	1.10371e-05	0.00490352
10	192	0.185931	30.9353	3.61286e-05	1.18057e-05	5.11429e-07	0.00436337	6.28571e-08	1.098e-05	0.0049
10	192	0.185922	31.4286	3.64314e-05	1.19486e-05	8.77143e-07	0.00435944	9.14286e-08	1.11286e-05	0.00490093
10	192	0.1858	29.927	3.60286e-05	1.204e-05	7.62857e-07	0.00435919	9.42857e-08	1.09086e-05	0.00489795
10	192	0.18592	30.6859	3.59657e-05	1.19257e-05	4.97143e-07	0.00436248	2.22857e-07	1.11571e-05	0.00490092
10	192	0.185879	30.6859	3.64971e-05	1.15314e-05	5.45714e-07	0.00436063	1.85714e-07	1.10743e-05	0.00490007
10	192	0.185986	30.4348	3.62829e-05	1.17429e-05	6.62857e-07	0.00436428	3.71429e-08	1.12057e-05	0.00490092
10	192	0.184138	29.4118	3.608e-05	1.194e-05	7.05714e-07	0.00437148	1.08571e-07	1.09543e-05	0.00480281
11	192	0.21797	34.0206	3.784e-05	1.222e-05	4.34286e-07	0.00506879	0	1.14514e-05	0.00692899
11	192	0.218184	33.7931	3.762e-05	1.19286e-05	3.62857e-07	0.00507048	1.8e-07	1.17429e-05	0.00693483
11	192	0.218187	35.1351	3.78457e-05	1.22314e-05	4.74286e-07	0.00507341	0	1.12971e-05	0.00693657
11	192	0.217995	33.7931	3.77971e-05	1.24714e-05	4.6e-07	0.00507042	0	1.15629e-05	0.00692713
11	192	0.218156	34.471	3.74314e-05	1.21857e-05	5.57143e-07	0.00507119	0	1.14086e-05	0.00693256
11	192	0.218048	34.6939	3.72343e-05	1.21714e-05	4.45714e-07	0.0050726	1.97143e-07	1.16257e-05	0.00693262
11	192	0.218133	35.1351	3.76743e-05	1.22371e-05	4.05714e-07	0.00507408	2.02857e-07	1.16029e-05	0.00693486
11	192	0.217956	34.0206	3.73914e-05	1.202e-05	4.71429e-07	0.0050704	3.6e-07	1.12743e-05	0.00693111
11	192	0.218167	34.2466	3.79314e-05	1.23914e-05	4.77143e-07	0.00507121	2.05714e-07	1.13714e-05	0.00692865
11	192	0.218229	34.9153	3.79343e-05	1.23486e-05	5.88571e-07	0.00507562	0	1.15714e-05	0.00693458
12	192	0.209157	38.6581	4.20971e-05	1.35743e-05	6.11429e-07	0.0050587	0	1.29371e-05	0.00747691
12	192	0.209777	37.6623	4.18114e-05	1.35771e-05	3.2e-07	0.00509965	8e-08	1.24514e-05	0.0074723
12	192	0.209768	36.2126	4.15229e-05	1.35857e-05	6.08571e-07	0.00509833	0	1.27343e-05	0.00746946
12	192	0.20929	37.8641	4.19686e-05	1.37257e-05	4.62857e-07	0.00505913	1.77143e-07	1.26629e-05	0.00748159
12	192	0.209287	38.2637	4.192e-05	1.39343e-05	6.11429e-07	0.00506054	0	1.25171e-05	0.00747775
12	192	0.209211	37.2549	4.16714e-05	1.374e-05	5.6e-07	0.00506497	8.85714e-08	1.248e-05	0.0074757
12	192	0.209823	37.2549	4.16114e-05	1.35314e-05	5.71429e-07	0.00509741	1.22857e-07	1.26943e-05	0.00747457
12	192	0.209144	38.2637	4.18171e-05	1.37829e-05	3.54286e-07	0.00505765	1.08571e-07	1.26686e-05	0.00747424
12	192	0.209253	37.4593	4.17943e-05	1.34686e-05	4.94286e-07	0.00506014	1.28571e-07	1.28886e-05	0.00747751
12	192	0.209153	37.6623	4.22771e-05	1.378e-05	3.71429e-07	0.00505856	2.88571e-07	1.24714e-05	0.00747245
