N_THREADS	N_TRANSACTIONS	TIME	N_ABORTS	PROCESS_READ_TIME	PROCESS_WRITE_TIME	PROCESS_VALIDATION_TIME	PROCESS_OTHER_TIME	COMMIT_VALIDATION_TIME	COMMIT_OTHER_TIME	WASTED_TIME
1	1000	0.216496	0	1.52229e-05	2.35629e-05	0	2.30057e-05	6.45714e-07	1.16114e-05	2.44857e-06
1	1000	0.216518	0	1.52029e-05	2.358e-05	0	2.302e-05	6.45714e-07	1.16343e-05	2.45714e-06
1	1000	0.216476	0	1.52029e-05	2.35657e-05	0	2.30257e-05	6.45714e-07	1.16029e-05	2.45429e-06
1	1000	0.216504	0	1.52086e-05	2.35771e-05	0	2.30171e-05	6.45714e-07	1.162e-05	2.45714e-06
1	1000	0.21647	0	1.52086e-05	2.35686e-05	0	2.29914e-05	6.48571e-07	1.16057e-05	2.45143e-06
1	1000	0.216495	0	1.52086e-05	2.358e-05	0	2.30029e-05	6.45714e-07	1.162e-05	2.46286e-06
1	1000	0.216519	0	1.522e-05	2.35771e-05	0	2.302e-05	6.42857e-07	1.16114e-05	2.44857e-06
1	1000	0.216488	0	1.52114e-05	2.358e-05	0	2.29943e-05	6.45714e-07	1.16171e-05	2.45143e-06
1	1000	0.216485	0	1.52171e-05	2.35714e-05	0	2.30057e-05	6.45714e-07	1.16114e-05	2.44857e-06
1	1000	0.216496	0	1.52171e-05	2.358e-05	0	2.29971e-05	6.45714e-07	1.16171e-05	2.45143e-06
2	2000	0.217913	2.43902	1.53514e-05	2.37343e-05	2.57143e-08	2.312e-05	7.14286e-07	1.17971e-05	2.83143e-06
2	2000	0.217924	2.34375	1.53429e-05	2.37486e-05	2.57143e-08	2.31229e-05	7.25714e-07	1.182e-05	2.82e-06
2	2000	0.217832	2.05681	1.53543e-05	2.37286e-05	3.71429e-08	2.30914e-05	7.28571e-07	1.17971e-05	2.77143e-06
2	2000	0.217953	2.24829	1.53571e-05	2.376e-05	2.57143e-08	2.312e-05	7.2e-07	1.18257e-05	2.81429e-06
2	2000	0.217942	2.05681	1.53743e-05	2.37486e-05	3.42857e-08	2.31e-05	7.31429e-07	1.18343e-05	2.78e-06
2	2000	0.21791	2.29604	1.53629e-05	2.37371e-05	3.14286e-08	2.31029e-05	7.31429e-07	1.18029e-05	2.80286e-06
2	2000	0.217903	2.20049	1.53543e-05	2.37457e-05	3.14286e-08	2.31029e-05	7.25714e-07	1.18229e-05	2.79714e-06
2	2000	0.217869	2.05681	1.53629e-05	2.374e-05	3.14286e-08	2.30971e-05	7.22857e-07	1.17886e-05	2.77429e-06
2	2000	0.217974	2.24829	1.53743e-05	2.37514e-05	2.85714e-08	2.312e-05	7.2e-07	1.18343e-05	2.81429e-06
2	2000	0.217933	2.34375	1.53657e-05	2.37457e-05	3.71429e-08	2.31029e-05	7.25714e-07	1.18029e-05	2.81429e-06
3	3000	0.221942	12.5364	1.56314e-05	2.38686e-05	1.8e-07	2.32886e-05	1.07143e-06	1.21686e-05	4.79143e-06
3	3000	0.221838	12.993	1.564e-05	2.38714e-05	1.65714e-07	2.32943e-05	1.04571e-06	1.21714e-05	4.72857e-06
3	3000	0.221888	12.4854	1.56543e-05	2.388e-05	1.85714e-07	2.33e-05	1.09143e-06	1.21829e-05	4.66286e-06
3	3000	0.222297	13.5696	1.566e-05	2.38829e-05	1.85714e-07	2.33057e-05	1.10571e-06	1.21914e-05	4.93429e-06
3	3000	0.222044	12.9425	1.56543e-05	2.39086e-05	1.88571e-07	2.33057e-05	1.09714e-06	1.21971e-05	4.75143e-06
3	3000	0.221877	12.4854	1.56629e-05	2.388e-05	1.8e-07	2.32886e-05	1.07714e-06	1.21743e-05	4.67143e-06
3	3000	0.221804	12.332	1.56343e-05	2.38857e-05	1.74286e-07	2.33143e-05	1.06286e-06	1.21829e-05	4.62e-06
3	3000	0.222118	13.0435	1.56571e-05	2.38971e-05	1.82857e-07	2.33086e-05	1.08286e-06	1.21943e-05	4.85714e-06
3	3000	0.221951	13.0687	1.56571e-05	2.38743e-05	1.88571e-07	2.32829e-05	1.09714e-06	1.21771e-05	4.72286e-06
3	3000	0.222246	13.119	1.56543e-05	2.388e-05	1.71429e-07	2.33086e-05	1.08286e-06	1.21714e-05	4.96571e-06
4	4000	0.281109	58.5234	1.68629e-05	2.55543e-05	5.8e-07	2.42114e-05	2.24857e-06	1.29857e-05	5.47771e-05
4	4000	0.282988	58.835	1.68771e-05	2.55743e-05	6.02857e-07	2.42057e-05	2.24e-06	1.30029e-05	5.59057e-05
4	4000	0.283442	60.0998	1.688e-05	2.558e-05	5.68571e-07	2.42314e-05	2.21429e-06	1.30257e-05	5.80114e-05
4	4000	0.281489	58.8096	1.68571e-05	2.55857e-05	5.62857e-07	2.42543e-05	2.22e-06	1.29971e-05	5.55743e-05
4	4000	0.283923	58.682	1.68514e-05	2.55743e-05	5.71429e-07	2.41971e-05	2.22286e-06	1.30086e-05	5.51429e-05
4	4000	0.287437	59.9239	1.68886e-05	2.562e-05	5.8e-07	2.42543e-05	2.22857e-06	1.302e-05	5.916e-05
4	4000	0.283633	59.3165	1.68571e-05	2.558e-05	5.71429e-07	2.42314e-05	2.19143e-06	1.30143e-05	5.68829e-05
4	4000	0.284391	59.469	1.686e-05	2.56e-05	5.62857e-07	2.42286e-05	2.17714e-06	1.30114e-05	5.83314e-05
4	4000	0.287491	59.7221	1.68857e-05	2.56286e-05	5.94286e-07	2.42257e-05	2.22e-06	1.30029e-05	5.95086e-05
4	4000	0.282715	59.5265	1.68629e-05	2.56114e-05	5.85714e-07	2.42171e-05	2.25143e-06	1.30143e-05	5.682e-05
5	5000	0.375003	75.4022	1.83829e-05	2.82943e-05	7.6e-07	2.60114e-05	2.78571e-06	1.42057e-05	0.000135889
5	5000	0.38247	75.7152	1.84114e-05	2.83571e-05	7.54286e-07	2.60829e-05	2.71429e-06	1.42714e-05	0.000140557
5	5000	0.374261	75.58	1.84486e-05	2.83714e-05	7.6e-07	2.61086e-05	2.77429e-06	1.43e-05	0.000137066
5	5000	0.376852	75.7128	1.84486e-05	2.84429e-05	7.25714e-07	2.61743e-05	2.74e-06	1.42829e-05	0.000139417
5	5000	0.386343	76.1632	1.84057e-05	2.84086e-05	7.17143e-07	2.61829e-05	2.67714e-06	1.42886e-05	0.0001443
5	5000	0.372917	75.3597	1.84371e-05	2.83657e-05	7.8e-07	2.60457e-05	2.81429e-06	1.42886e-05	0.000134889
5	5000	0.373297	75.1824	1.83657e-05	2.828e-05	7.6e-07	2.60029e-05	2.76571e-06	1.42686e-05	0.000133714
5	5000	0.377504	75.1182	1.83857e-05	2.83114e-05	7.71429e-07	2.60057e-05	2.77143e-06	1.42371e-05	0.000134337
5	5000	0.376277	76.0169	1.84e-05	2.84086e-05	7.14286e-07	2.61429e-05	2.71143e-06	1.43429e-05	0.000140863
5	5000	0.375107	75.4758	1.844e-05	2.83829e-05	7.68571e-07	2.60743e-05	2.76571e-06	1.432e-05	0.000137634
6	6000	0.513655	83.6124	2.06629e-05	3.25229e-05	8.31429e-07	2.89429e-05	3.04571e-06	1.60714e-05	0.000260517
6	6000	0.511995	83.3366	2.05657e-05	3.23371e-05	8.71429e-07	2.87629e-05	3.06571e-06	1.60143e-05	0.000252591
6	6000	0.517125	83.6128	2.05343e-05	3.23343e-05	8.37143e-07	2.87829e-05	2.99143e-06	1.59457e-05	0.000260129
6	6000	0.510085	83.5675	2.06257e-05	3.23886e-05	8.71429e-07	2.88057e-05	3.05143e-06	1.606e-05	0.000257194
6	6000	0.513218	83.581	2.05914e-05	3.24171e-05	8.22857e-07	2.88629e-05	3.02286e-06	1.60257e-05	0.00025892
6	6000	0.520142	83.7151	2.06057e-05	3.24286e-05	8.17143e-07	2.88971e-05	2.99429e-06	1.59886e-05	0.000263606
6	6000	0.521892	83.8969	2.06514e-05	3.25171e-05	8.42857e-07	2.894e-05	3.05429e-06	1.60771e-05	0.000265803
6	6000	0.508946	83.4811	2.06543e-05	3.24714e-05	8.42857e-07	2.88943e-05	3.09143e-06	1.61e-05	0.000254926
6	6000	0.520901	83.8995	2.06571e-05	3.25e-05	8.28571e-07	2.894e-05	2.97143e-06	1.60886e-05	0.000265426
6	6000	0.513494	83.6917	2.05971e-05	3.24429e-05	8.05714e-07	2.89229e-05	2.98e-06	1.60371e-05	0.000261246
7	7000	0.711213	88.2837	2.33943e-05	3.764e-05	8.8e-07	3.25257e-05	3.21429e-06	1.81486e-05	0.000437417
7	7000	0.712165	88.1229	2.31086e-05	3.72114e-05	8.51429e-07	3.21971e-05	3.15143e-06	1.79857e-05	0.000432783
7	7000	0.700478	88.0985	2.33571e-05	3.74657e-05	8.97143e-07	3.23829e-05	3.20857e-06	1.80286e-05	0.00042908
7	7000	0.710065	88.2226	2.34371e-05	3.76314e-05	8.94286e-07	3.25143e-05	3.26286e-06	1.82114e-05	0.000434097
7	7000	0.69646	88.016	2.33829e-05	3.75543e-05	8.82857e-07	3.24629e-05	3.25714e-06	1.81629e-05	0.000422554
7	7000	0.708683	88.2655	2.34086e-05	3.76086e-05	8.97143e-07	3.24543e-05	3.20571e-06	1.81029e-05	0.000438049
7	7000	0.703112	88.1486	2.33714e-05	3.75086e-05	8.65714e-07	3.24543e-05	3.22286e-06	1.81086e-05	0.000430463
7	7000	0.711831	88.3045	2.34343e-05	3.76371e-05	9.08571e-07	3.246e-05	3.22286e-06	1.814e-05	0.000439626
7	7000	0.708103	88.3324	2.35457e-05	3.77571e-05	9.31429e-07	3.25486e-05	3.26286e-06	1.82114e-05	0.000438889
7	7000	0.718011	88.425	2.34829e-05	3.78e-05	8.8e-07	3.26229e-05	3.20571e-06	1.81743e-05	0.000447397
8	8000	0.948388	91.0234	2.646e-05	4.316e-05	9.4e-07	3.63657e-05	3.41714e-06	2.02943e-05	0.000658377
8	8000	0.952879	90.9687	2.65257e-05	4.32886e-05	9.6e-07	3.64314e-05	3.41429e-06	2.04629e-05	0.000657349
8	8000	0.960364	91.1451	2.65457e-05	4.344e-05	9.25714e-07	3.65571e-05	3.41714e-06	2.03886e-05	0.000672091
8	8000	0.944511	90.9358	2.62686e-05	4.29086e-05	9.17143e-07	3.61971e-05	3.36286e-06	2.02229e-05	0.00065072
8	8000	0.949578	91.0987	2.66943e-05	4.35743e-05	9.11429e-07	3.666e-05	3.40571e-06	2.05257e-05	0.000662606
8	8000	0.958144	91.1151	2.64029e-05	4.31286e-05	9.14286e-07	3.64029e-05	3.35143e-06	2.03257e-05	0.000665786
8	8000	0.939377	90.8428	2.64086e-05	4.30743e-05	9.31429e-07	3.63086e-05	3.39429e-06	2.034e-05	0.000644849
8	8000	0.959369	91.0707	2.65371e-05	4.33114e-05	9.11429e-07	3.65286e-05	3.36286e-06	2.04286e-05	0.000668466
8	8000	0.971968	91.1993	2.65943e-05	4.34486e-05	9.51429e-07	3.65086e-05	3.35143e-06	2.04171e-05	0.000679086
8	8000	0.950693	90.9999	2.65943e-05	4.33857e-05	9.4e-07	3.65343e-05	3.4e-06	2.05257e-05	0.000655903
9	9000	1.25781	92.8937	2.97e-05	4.90543e-05	9.8e-07	4.052e-05	3.54e-06	2.28171e-05	0.000943997
9	9000	1.24526	92.7976	2.97029e-05	4.894e-05	9.48571e-07	4.054e-05	3.54857e-06	2.28429e-05	0.000927089
9	9000	1.27401	92.9797	2.96371e-05	4.90057e-05	9.4e-07	4.054e-05	3.51429e-06	2.28257e-05	0.000960574
9	9000	1.24009	92.8029	2.95286e-05	4.88857e-05	9.34286e-07	4.04743e-05	3.53714e-06	2.26857e-05	0.000927011
9	9000	1.24332	92.7287	2.938e-05	4.846e-05	9.6e-07	4.01143e-05	3.49429e-06	2.258e-05	0.000915503
9	9000	1.25502	92.8575	2.958e-05	4.87714e-05	9.51429e-07	4.042e-05	3.51429e-06	2.27971e-05	0.000940629
9	9000	1.24486	92.8174	2.968e-05	4.89829e-05	9.85714e-07	4.05114e-05	3.60286e-06	2.28429e-05	0.000932677
9	9000	1.24108	92.7699	2.95257e-05	4.86971e-05	9.82857e-07	4.02971e-05	3.58286e-06	2.27257e-05	0.000926891
9	9000	1.26178	92.9081	2.96314e-05	4.89571e-05	9.85714e-07	4.04686e-05	3.53143e-06	2.27857e-05	0.000948017
9	9000	1.24954	92.8362	2.96971e-05	4.90914e-05	9.42857e-07	4.062e-05	3.54571e-06	2.28486e-05	0.000936951
10	10000	1.62031	94.2217	3.27029e-05	5.45629e-05	1.00286e-06	4.442e-05	3.67714e-06	2.526e-05	0.00129179
10	10000	1.6334	94.2685	3.29171e-05	5.49229e-05	9.94286e-07	4.47486e-05	3.66857e-06	2.54257e-05	0.00130554
10	10000	1.60496	94.1101	3.26857e-05	5.44314e-05	9.68571e-07	4.44571e-05	3.62857e-06	2.52057e-05	0.00126718
10	10000	1.63196	94.2336	3.26314e-05	5.44171e-05	9.57143e-07	4.44457e-05	3.58e-06	2.51771e-05	0.00129965
10	10000	1.63087	94.2351	3.28457e-05	5.47771e-05	9.57143e-07	4.466e-05	3.66857e-06	2.53086e-05	0.00130074
10	10000	1.61639	94.1582	3.26857e-05	5.43943e-05	9.8e-07	4.43914e-05	3.63143e-06	2.51543e-05	0.00128377
10	10000	1.58847	94.019	3.24343e-05	5.39771e-05	9.65714e-07	4.41029e-05	3.65143e-06	2.50457e-05	0.00124121
10	10000	1.61691	94.1798	3.25714e-05	5.42914e-05	9.74286e-07	4.42657e-05	3.62e-06	2.51486e-05	0.00128707
10	10000	1.62725	94.2608	3.26886e-05	5.45143e-05	9.68571e-07	4.44714e-05	3.62571e-06	2.52057e-05	0.00129561
10	10000	1.623	94.223	3.29371e-05	5.49571e-05	9.85714e-07	4.47914e-05	3.70286e-06	2.54429e-05	0.00129471
11	11000	1.99104	95.0262	3.56571e-05	5.98914e-05	9.8e-07	4.82657e-05	3.78286e-06	2.76829e-05	0.00163726
11	11000	2.02043	95.098	3.564e-05	5.98686e-05	1.00857e-06	4.82943e-05	3.76857e-06	2.76514e-05	0.00167024
11	11000	1.99364	95.0359	3.53771e-05	5.93457e-05	9.74286e-07	4.79714e-05	3.74857e-06	2.74114e-05	0.00163314
11	11000	2.02454	95.0996	3.598e-05	6.04943e-05	9.82857e-07	4.87343e-05	3.79714e-06	2.798e-05	0.00167476
11	11000	2.05131	95.1371	3.57e-05	6.00714e-05	9.88571e-07	4.83914e-05	3.77143e-06	2.78e-05	0.00169035
11	11000	2.00569	95.0216	3.55743e-05	5.984e-05	1e-06	4.82286e-05	3.77429e-06	2.77343e-05	0.00164328
11	11000	1.9958	95.0293	3.56343e-05	5.97171e-05	1.05429e-06	4.80886e-05	3.85429e-06	2.76114e-05	0.00163367
11	11000	2.04091	95.1536	3.57571e-05	6.01543e-05	9.6e-07	4.852e-05	3.72571e-06	2.77686e-05	0.0016909
11	11000	2.02699	95.1003	3.59171e-05	6.03457e-05	9.6e-07	4.87057e-05	3.81714e-06	2.78886e-05	0.00167033
11	11000	2.01625	95.0856	3.58886e-05	6.034e-05	9.85714e-07	4.86086e-05	3.78e-06	2.79971e-05	0.00166135
12	12000	2.48346	95.7863	3.84629e-05	6.514e-05	9.68571e-07	5.20257e-05	3.86e-06	3.00743e-05	0.00210717
12	12000	2.44077	95.6983	3.81514e-05	6.44371e-05	1.01714e-06	5.15257e-05	3.89429e-06	2.97629e-05	0.00205504
12	12000	2.49891	95.8099	3.838e-05	6.49857e-05	9.88571e-07	5.19086e-05	3.85143e-06	3.00314e-05	0.00212019
12	12000	2.43625	95.6975	3.83743e-05	6.476e-05	1.05429e-06	5.17114e-05	3.95714e-06	2.99314e-05	0.00205146
12	12000	2.4825	95.7675	3.84714e-05	6.50657e-05	9.94286e-07	5.19971e-05	3.87429e-06	3.00514e-05	0.00209789
12	12000	2.52118	95.8643	3.88714e-05	6.57514e-05	1.04286e-06	5.246e-05	3.94857e-06	3.03086e-05	0.00214686
12	12000	2.44936	95.703	3.81629e-05	6.44543e-05	1.03143e-06	5.14657e-05	3.90857e-06	2.974e-05	0.00205782
12	12000	2.49167	95.798	3.846e-05	6.50914e-05	9.91429e-07	5.20171e-05	3.86571e-06	3e-05	0.00211299
12	12000	2.44942	95.7149	3.80743e-05	6.43229e-05	1.00857e-06	5.144e-05	3.84286e-06	2.96771e-05	0.00206176
12	12000	2.47171	95.7471	3.81657e-05	6.46086e-05	9.97143e-07	5.16629e-05	3.86e-06	2.99171e-05	0.00208203
