N_THREADS	N_TRANSACTIONS	TIME	N_ABORTS	PROCESS_READ_TIME	PROCESS_WRITE_TIME	PROCESS_VALIDATION_TIME	PROCESS_OTHER_TIME	COMMIT_VALIDATION_TIME	COMMIT_OTHER_TIME	WASTED_TIME
1	1000	0.852319	0	8.15571e-05	0.000131151	0	0.000581626	6.08571e-07	4.83486e-05	2.48857e-06	1.08
1	1000	0.852066	0	8.15057e-05	0.000131091	0	0.000581466	6.08571e-07	4.83657e-05	2.49143e-06	1.07
1	1000	0.852141	0	8.15343e-05	0.00013116	0	0.000581483	6.08571e-07	4.83257e-05	2.49429e-06	1.07
1	1000	0.852632	0	8.158e-05	0.000131203	0	0.000581783	6.05714e-07	4.842e-05	2.48571e-06	1.07
1	1000	0.852099	0	8.154e-05	0.000131186	0	0.000581451	6.08571e-07	4.82886e-05	2.5e-06	1.07
1	1000	0.852091	0	8.15657e-05	0.000131149	0	0.00058138	6.08571e-07	4.83714e-05	2.49143e-06	1.07
1	1000	0.852112	0	8.15886e-05	0.000131149	0	0.000581374	6.08571e-07	4.83714e-05	2.49429e-06	1.07
1	1000	0.8521	0	8.15686e-05	0.000131146	0	0.000581411	6.08571e-07	4.83486e-05	2.49429e-06	1.08
1	1000	0.8521	0	8.15714e-05	0.000131149	0	0.000581386	6.08571e-07	4.83714e-05	2.48571e-06	1.08
1	1000	0.852099	0	8.15457e-05	0.000131137	0	0.000581411	6.08571e-07	4.83771e-05	2.49143e-06	1.08
2	2000	0.975163	17.0469	8.41543e-05	0.00013528	2.03714e-06	0.000582129	2.09229e-05	4.99257e-05	9.10543e-05	1.20
2	2000	0.973289	16.8399	8.428e-05	0.000135429	2.12286e-06	0.000582186	2.09371e-05	4.99171e-05	8.908e-05	1.20
2	2000	0.979768	17.7293	8.41743e-05	0.00013538	1.94571e-06	0.000582289	2.05029e-05	4.98543e-05	9.24914e-05	1.20
2	2000	0.976622	16.978	8.432e-05	0.000135486	2.12286e-06	0.000582186	2.09286e-05	4.99686e-05	9.10829e-05	1.20
2	2000	0.977227	16.978	8.44057e-05	0.000135794	2.10286e-06	0.00058236	2.09286e-05	4.99943e-05	9.24029e-05	1.20
2	2000	0.980576	17.6616	8.42057e-05	0.000135463	2.04286e-06	0.000582223	2.058e-05	5.00114e-05	9.39143e-05	1.20
2	2000	0.972726	17.15	8.42229e-05	0.000135351	2.18571e-06	0.000582094	2.11657e-05	4.99886e-05	8.86057e-05	1.19
2	2000	0.979127	17.6277	8.41857e-05	0.000135403	2.00286e-06	0.000582237	2.05143e-05	4.99829e-05	9.24571e-05	1.20
2	2000	0.980069	17.5937	8.41086e-05	0.000135331	1.97714e-06	0.000582203	2.05343e-05	4.99629e-05	9.43486e-05	1.20
2	2000	0.977006	16.8745	8.422e-05	0.000135383	2.12286e-06	0.000582094	2.084e-05	4.98429e-05	9.19743e-05	1.21
3	3000	1.09642	29.5609	8.75114e-05	0.000141534	3.47143e-06	0.000584326	2.27571e-05	5.20314e-05	0.000176494	1.32
3	3000	1.1116	30.8118	8.76543e-05	0.000141974	3.38286e-06	0.000584649	2.25686e-05	5.21e-05	0.000192529	1.34
3	3000	1.08709	29.2453	8.776e-05	0.000141843	3.62e-06	0.000584337	2.304e-05	5.21086e-05	0.000177794	1.31
3	3000	1.07085	28.1093	8.77057e-05	0.000141994	3.62571e-06	0.000584451	2.29629e-05	5.20543e-05	0.000162709	1.30
3	3000	1.10212	30.0047	8.766e-05	0.000141803	3.29143e-06	0.0005847	2.258e-05	5.20771e-05	0.000184014	1.32
3	3000	1.08829	29.1952	8.762e-05	0.000141774	3.77714e-06	0.000584151	2.282e-05	5.208e-05	0.000171469	1.31
3	3000	1.08011	28.8931	8.78829e-05	0.00014222	3.61429e-06	0.000584563	2.28686e-05	5.21171e-05	0.000169151	1.31
3	3000	1.09421	30.6037	8.76257e-05	0.000141869	3.52571e-06	0.000584423	2.28457e-05	5.21257e-05	0.00018474	1.32
3	3000	1.0777	28.9605	8.78886e-05	0.000142217	3.54857e-06	0.00058468	2.29143e-05	5.21629e-05	0.000171383	1.31
3	3000	1.08729	29.6105	8.77286e-05	0.000141957	3.48286e-06	0.000584554	2.29457e-05	5.20829e-05	0.000177611	1.31
4	4000	1.21856	39.75	9.25457e-05	0.000151297	4.80286e-06	0.00058824	2.41429e-05	5.50743e-05	0.000283383	1.44
4	4000	1.22318	39.9309	9.25057e-05	0.000151429	4.64571e-06	0.000588394	2.41057e-05	5.49314e-05	0.000278497	1.45
4	4000	1.22531	39.9038	9.25886e-05	0.000151554	4.81143e-06	0.000588174	2.408e-05	5.50029e-05	0.000276951	1.45
4	4000	1.21844	40.3964	9.26e-05	0.000151591	4.96571e-06	0.00058814	2.40686e-05	5.50457e-05	0.000282597	1.44
4	4000	1.22389	40.4141	9.26286e-05	0.000151494	4.82e-06	0.000588217	2.40543e-05	5.49886e-05	0.000286091	1.45
4	4000	1.22509	40.688	9.23886e-05	0.000151017	4.96286e-06	0.000587894	2.40714e-05	5.48971e-05	0.000286954	1.45
4	4000	1.21726	40.0749	9.262e-05	0.000151497	4.90857e-06	0.000588177	2.41257e-05	5.50543e-05	0.00028176	1.44
4	4000	1.23069	39.976	9.24e-05	0.000151103	4.76e-06	0.000588086	2.39543e-05	5.48943e-05	0.000281931	1.46
4	4000	1.21997	39.6226	9.23771e-05	0.000150874	5.05429e-06	0.000587654	2.41143e-05	5.49429e-05	0.000276137	1.44
4	4000	1.21894	40.3964	9.258e-05	0.000151271	4.99143e-06	0.000587943	2.40886e-05	5.49943e-05	0.000287106	1.45
5	5000	1.38514	49.0056	9.90114e-05	0.000163769	5.73429e-06	0.000593589	2.51714e-05	5.88943e-05	0.000411451	1.61
5	5000	1.38112	48.5279	9.87714e-05	0.000163491	6.04571e-06	0.000593203	2.51257e-05	5.90343e-05	0.000396586	1.61
5	5000	1.38502	48.8491	9.88829e-05	0.000163531	5.93714e-06	0.000593371	2.52114e-05	5.88143e-05	0.000404637	1.61
5	5000	1.39568	48.9379	9.86771e-05	0.000163337	5.68e-06	0.000593417	2.51686e-05	5.88286e-05	0.00040876	1.62
5	5000	1.38152	48.7705	9.91914e-05	0.000164391	5.94e-06	0.000593577	2.52057e-05	5.89143e-05	0.000406066	1.61
5	5000	1.38152	49.156	9.84343e-05	0.000162606	5.74e-06	0.000593077	2.51371e-05	5.89171e-05	0.000408011	1.61
5	5000	1.3762	48.7442	9.83457e-05	0.00016254	5.78571e-06	0.000593057	2.52371e-05	5.87657e-05	0.00040484	1.61
5	5000	1.37975	49.0939	9.88e-05	0.000163466	6.02571e-06	0.000593131	2.51257e-05	5.89743e-05	0.000402374	1.60
5	5000	1.40044	49.5408	9.88e-05	0.000163586	5.84857e-06	0.000593337	2.50714e-05	5.89314e-05	0.000418966	1.63
5	5000	1.37882	49.0679	9.87029e-05	0.000163091	6.03429e-06	0.000593111	2.51629e-05	5.89286e-05	0.000406657	1.60
6	6000	1.58333	56.446	0.00010722	0.000179677	6.64e-06	0.00060098	2.64943e-05	6.42714e-05	0.000561571	1.81
6	6000	1.57656	56.1852	0.000106586	0.000178206	6.64e-06	0.000600297	2.64543e-05	6.39057e-05	0.000553926	1.80
6	6000	1.56966	56.2012	0.00010744	0.000179766	6.96857e-06	0.00060066	2.66e-05	6.42429e-05	0.000556974	1.80
6	6000	1.58175	56.2969	0.000106863	0.000178789	6.99143e-06	0.000600151	2.65257e-05	6.40543e-05	0.000556343	1.81
6	6000	1.548	55.7946	0.00010728	0.000179509	6.87143e-06	0.000600811	2.65886e-05	6.42886e-05	0.000533863	1.78
6	6000	1.57114	55.7032	0.00010692	0.000179009	6.77714e-06	0.000600503	2.64486e-05	6.42714e-05	0.000537817	1.79
6	6000	1.55933	55.9698	0.000107371	0.000179571	6.84857e-06	0.000600726	2.652e-05	6.43486e-05	0.000539123	1.79
6	6000	1.5684	56.1179	0.000107254	0.000179597	6.9e-06	0.000600697	2.65543e-05	6.43e-05	0.000551591	1.80
6	6000	1.56375	56.0761	0.000107549	0.000179931	6.96571e-06	0.000600743	2.65371e-05	6.43114e-05	0.000554051	1.79
6	6000	1.57703	55.9504	0.00010712	0.000179223	6.91714e-06	0.000600411	2.64086e-05	6.40114e-05	0.000537094	1.80
7	7000	1.78787	61.7549	0.000118031	0.000199791	7.82571e-06	0.0006102	2.82714e-05	7.09086e-05	0.000707166	2.01
7	7000	1.77938	61.3174	0.000117917	0.000199509	8.12e-06	0.000609657	2.81343e-05	7.1e-05	0.000690943	2.01
7	7000	1.77001	61.3559	0.000117889	0.000199169	8.05429e-06	0.000609871	2.83e-05	7.11343e-05	0.000693909	2.00
7	7000	1.77741	61.5427	0.000117889	0.000199406	7.97429e-06	0.000609789	2.82171e-05	7.08171e-05	0.000703414	2.00
7	7000	1.78539	61.5744	0.000118214	0.000199971	8.12857e-06	0.000609983	2.828e-05	7.10286e-05	0.000702874	2.02
7	7000	1.79224	62.0514	0.000118123	0.000199977	7.83714e-06	0.000610317	2.82571e-05	7.122e-05	0.00071418	2.02
7	7000	1.79564	62.0081	0.000117903	0.000199651	7.71429e-06	0.000610137	2.81429e-05	7.10257e-05	0.000719311	2.03
7	7000	1.77989	61.5891	0.000117774	0.000199043	8.05714e-06	0.000609574	2.82343e-05	7.10571e-05	0.000700851	2.01
7	7000	1.79657	61.7737	0.000117594	0.000198946	7.66571e-06	0.000609903	2.81829e-05	7.09829e-05	0.000710414	2.02
7	7000	1.75942	61.221	0.000117711	0.000199106	7.89143e-06	0.000609854	2.82029e-05	7.11029e-05	0.000688737	1.98
8	8000	2.05786	66.8531	0.000130943	0.000223706	8.78571e-06	0.000621523	3.03571e-05	7.94314e-05	0.000912789	2.29
8	8000	2.07841	66.8902	0.000131314	0.000224406	9.08571e-06	0.000621469	3.02143e-05	7.93229e-05	0.000921034	2.31
8	8000	2.05307	66.5146	0.00013116	0.000224	8.99429e-06	0.000621646	3.03657e-05	7.95257e-05	0.000898594	2.28
8	8000	2.03957	66.5006	0.00013146	0.000224646	8.88571e-06	0.000621946	3.02886e-05	7.934e-05	0.00089992	2.26
8	8000	2.04584	66.4879	0.00013088	0.000223454	8.98e-06	0.000621363	3.03629e-05	7.94857e-05	0.000892409	2.27
8	8000	2.04555	67.0361	0.000131177	0.000223957	8.93143e-06	0.000621634	3.04457e-05	7.93486e-05	0.000911489	2.27
8	8000	2.02945	66.3087	0.000131506	0.000224443	9.02286e-06	0.000621797	3.03771e-05	7.95943e-05	0.000883483	2.26
8	8000	2.06017	66.6389	0.000131357	0.000224414	8.88571e-06	0.000621789	3.028e-05	7.93e-05	0.000906583	2.28
8	8000	2.02714	66.2675	0.000131683	0.000224851	9.00571e-06	0.000621857	3.03486e-05	7.96286e-05	0.000884809	2.25
8	8000	2.03422	66.32	0.00013134	0.000224029	9.37714e-06	0.000621117	3.03771e-05	7.94343e-05	0.000887757	2.26
9	9000	2.35474	70.515	0.000147163	0.000253309	1.02171e-05	0.000635357	3.29486e-05	8.96e-05	0.00112364	2.58
9	9000	2.34601	70.3166	0.000147751	0.000254497	1.02971e-05	0.0006359	3.30657e-05	8.98943e-05	0.00111533	2.57
9	9000	2.36035	70.8124	0.000147509	0.00025404	1.03229e-05	0.000635777	3.31343e-05	8.95629e-05	0.00114132	2.58
9	9000	2.34836	70.7317	0.000147857	0.000254743	1.01486e-05	0.000636103	3.31229e-05	9.022e-05	0.00113395	2.57
9	9000	2.32048	70.1384	0.00014784	0.000254597	1.03429e-05	0.000635963	3.31829e-05	8.98143e-05	0.00109775	2.54
9	9000	2.3625	70.9377	0.000148237	0.000255486	1.01743e-05	0.000636306	3.31257e-05	8.992e-05	0.00113889	2.59
9	9000	2.35872	70.4821	0.000147163	0.000253563	1.022e-05	0.000635483	3.30143e-05	8.94514e-05	0.00112349	2.59
9	9000	2.3716	70.6793	0.000147094	0.000253429	9.77714e-06	0.000636037	3.296e-05	8.94086e-05	0.00113914	2.60
9	9000	2.36082	70.6266	0.0001476	0.000253934	1.03257e-05	0.000635774	3.30686e-05	8.97457e-05	0.00113303	2.58
9	9000	2.35735	70.5757	0.000147363	0.000253749	1.00057e-05	0.000635906	3.308e-05	8.97914e-05	0.0011329	2.59
10	10000	2.70763	73.6939	0.000166277	0.00028818	1.13943e-05	0.000652311	3.62086e-05	0.00010178	0.00137769	2.94
10	10000	2.70072	73.9448	0.000166354	0.00028838	1.16743e-05	0.000652029	3.62714e-05	0.000101537	0.00138596	2.92
10	10000	2.74869	73.9305	0.000165491	0.000286606	1.12829e-05	0.000651483	3.60086e-05	0.000101034	0.00139627	2.98
10	10000	2.73158	73.9509	0.000166731	0.000289317	1.142e-05	0.000652754	3.62714e-05	0.00010176	0.00139162	2.96
10	10000	2.68784	73.605	0.000166229	0.000288257	1.15057e-05	0.000652146	3.63057e-05	0.000101723	0.00135822	2.92
10	10000	2.71023	73.9128	0.000166649	0.000288726	1.17714e-05	0.00065206	3.62171e-05	0.00010208	0.00139219	2.94
10	10000	2.70678	73.7174	0.000165969	0.00028746	1.12886e-05	0.000652086	3.61086e-05	0.000101623	0.00137606	2.94
10	10000	2.72906	73.9956	0.000166034	0.000287649	1.11714e-05	0.000652349	3.61629e-05	0.000101709	0.00140956	2.96
10	10000	2.72639	74.2009	0.000166543	0.000288786	1.12629e-05	0.0006527	3.626e-05	0.000101994	0.00141194	2.95
10	10000	2.70685	73.6008	0.000166394	0.000288646	1.13914e-05	0.000652431	3.61714e-05	0.000101691	0.00137258	2.94
11	11000	3.13302	76.8118	0.000187791	0.000327671	1.278e-05	0.000671074	3.99057e-05	0.000115069	0.00170688	3.36
11	11000	3.14587	76.7722	0.000187663	0.000327586	1.266e-05	0.000671209	3.97771e-05	0.000114946	0.00170372	3.37
11	11000	3.14151	76.8523	0.00018746	0.000326911	1.26e-05	0.000670991	3.99229e-05	0.000114849	0.0017148	3.37
11	11000	3.14975	77.1353	0.000188437	0.000328686	1.30286e-05	0.00067142	3.98829e-05	0.000115557	0.00173566	3.38
11	11000	3.13438	76.7506	0.000186694	0.000325563	1.25686e-05	0.000670331	3.96886e-05	0.000114474	0.0016951	3.37
11	11000	3.14876	77.1433	0.000188737	0.000329043	1.30514e-05	0.000671626	4.01057e-05	0.000115954	0.00174281	3.39
11	11000	3.1345	77.0283	0.000187943	0.000327789	1.26371e-05	0.000671494	3.998e-05	0.000115469	0.00172523	3.36
11	11000	3.13299	76.7496	0.000186231	0.00032446	1.266e-05	0.000669686	3.96029e-05	0.000114423	0.001703	3.36
11	11000	3.12375	76.7107	0.000187091	0.000326194	1.26657e-05	0.00067062	3.988e-05	0.000114911	0.00169302	3.35
11	11000	3.14782	76.9465	0.000188743	0.000329406	1.29971e-05	0.000671777	4.00629e-05	0.000115411	0.00172447	3.38
12	12000	3.64683	79.4263	0.00021136	0.00037058	1.40057e-05	0.0006928	4.39e-05	0.000130037	0.00210809	3.88
12	12000	3.6441	79.5494	0.00021128	0.00037038	1.41943e-05	0.000692486	4.39143e-05	0.000129951	0.00211339	3.87
12	12000	3.65753	79.5309	0.000211037	0.000369863	1.42686e-05	0.000691986	4.37971e-05	0.000129646	0.0021226	3.89
12	12000	3.62044	79.3452	0.000211246	0.000370054	1.41114e-05	0.000692457	4.38314e-05	0.000130003	0.00208538	3.85
12	12000	3.64329	79.4956	0.000210757	0.000369223	1.42657e-05	0.000691963	4.39029e-05	0.000129769	0.00211389	3.87
12	12000	3.68701	79.6572	0.000211411	0.000370611	1.40886e-05	0.000692743	4.38171e-05	0.000129923	0.00213098	3.92
12	12000	3.6418	79.3534	0.000211166	0.000369937	1.404e-05	0.000692466	4.37e-05	0.000129803	0.00209749	3.87
12	12000	3.61812	79.386	0.00021146	0.000370626	1.44771e-05	0.00069236	4.39114e-05	0.000129886	0.00208969	3.85
12	12000	3.62476	79.368	0.00021078	0.000369094	1.42829e-05	0.000691691	4.36571e-05	0.000129349	0.00208093	3.85
12	12000	3.63432	79.3967	0.000210494	0.000368806	1.44e-05	0.000691354	4.37171e-05	0.000129177	0.00209346	3.87
