N_THREADS	N_TRANSACTIONS	TIME	N_ABORTS	PROCESS_READ_TIME	PROCESS_WRITE_TIME	PROCESS_VALIDATION_TIME	PROCESS_OTHER_TIME	COMMIT_VALIDATION_TIME	COMMIT_OTHER_TIME	WASTED_TIME
1	1000	1.2354	0	0.000288063	0.000130797	0	0.000758443	6.08571e-07	4.83857e-05	2.46571e-06	1.34
1	1000	1.23536	0	0.000288091	0.000130791	0	0.000758429	6.08571e-07	4.83314e-05	2.46e-06	1.34
1	1000	1.23536	0	0.000288054	0.000130806	0	0.000758457	6.08571e-07	4.83229e-05	2.47429e-06	1.33
1	1000	1.23531	0	0.000288091	0.000130777	0	0.000758391	6.08571e-07	4.83343e-05	2.46286e-06	1.32
1	1000	1.23532	0	0.000288071	0.000130806	0	0.000758363	6.08571e-07	4.83657e-05	2.45714e-06	1.32
1	1000	1.23537	0	0.000288037	0.0001308	0	0.000758437	6.08571e-07	4.83829e-05	2.46857e-06	1.32
1	1000	1.23535	0	0.00028802	0.000130791	0	0.000758454	6.08571e-07	4.83629e-05	2.46286e-06	1.33
1	1000	1.23532	0	0.000288074	0.000130789	0	0.000758386	6.08571e-07	4.83514e-05	2.46857e-06	1.33
1	1000	1.23531	0	0.000288086	0.000130786	0	0.000758371	6.08571e-07	4.83543e-05	2.45714e-06	1.33
1	1000	1.23542	0	0.000288031	0.000130797	0	0.000758489	6.08571e-07	4.83771e-05	2.47143e-06	1.34
2	2000	1.359	3.7999	0.000297703	0.00013636	1.20571e-06	0.000765043	6.86429e-05	5.06686e-05	2.91686e-05	1.46
2	2000	1.35435	4.12272	0.000297803	0.000136634	1.37143e-06	0.000764946	6.83943e-05	5.06886e-05	2.61571e-05	1.45
2	2000	1.3581	5.16833	0.00029776	0.000136489	1.31429e-06	0.000765014	6.85971e-05	5.06829e-05	2.76029e-05	1.45
2	2000	1.35329	3.4283	0.000297683	0.000136609	1.45143e-06	0.000764849	6.882e-05	5.07829e-05	2.41771e-05	1.45
2	2000	1.35981	4.44338	0.000298146	0.000136369	1.12e-06	0.000765351	6.83e-05	5.08086e-05	3.024e-05	1.46
2	2000	1.3601	4.44338	0.000298171	0.000136569	1.14286e-06	0.000765414	6.828e-05	5.07686e-05	3.02343e-05	1.46
2	2000	1.35872	4.85252	0.000298086	0.000136463	1.38e-06	0.000765046	6.83857e-05	5.08429e-05	2.78886e-05	1.45
2	2000	1.35873	4.7619	0.000298117	0.000136391	1.36e-06	0.000765143	6.838e-05	5.08686e-05	2.78514e-05	1.45
2	2000	1.35439	3.52147	0.000297686	0.000136714	1.39429e-06	0.000764929	6.87257e-05	5.06714e-05	2.47886e-05	1.46
2	2000	1.35388	3.66089	0.000297906	0.000136586	1.23429e-06	0.00076514	6.88914e-05	5.07571e-05	2.40857e-05	1.45
3	3000	1.41456	9.90991	0.000311829	0.000144829	2.7e-06	0.000773777	7.21114e-05	5.34257e-05	4.03314e-05	1.50
3	3000	1.41461	7.77744	0.000312334	0.000144306	2.99714e-06	0.000773714	7.19686e-05	5.358e-05	3.89686e-05	1.51
3	3000	1.41092	8.50869	0.00031182	0.000145109	3.21714e-06	0.000773297	7.20343e-05	5.33886e-05	3.936e-05	1.51
3	3000	1.41545	8.92532	0.000312151	0.000144237	2.54e-06	0.000774089	7.20771e-05	5.34886e-05	4.096e-05	1.51
3	3000	1.4142	9.28334	0.000312769	0.000143914	2.77429e-06	0.000774046	7.22029e-05	5.36057e-05	3.994e-05	1.51
3	3000	1.42428	10.9792	0.000312546	0.000143554	2.54571e-06	0.000774037	7.22114e-05	5.37029e-05	5.07657e-05	1.51
3	3000	1.41814	8.53659	0.0003129	0.000144786	3.07714e-06	0.000774009	7.18286e-05	5.35686e-05	3.99457e-05	1.51
3	3000	1.4154	9.42029	0.000312551	0.000143991	2.57714e-06	0.000774077	7.20971e-05	5.37514e-05	3.93171e-05	1.51
3	3000	1.41364	8.25688	0.000312066	0.00014446	3.04286e-06	0.000773551	7.22257e-05	5.34914e-05	4.01971e-05	1.51
3	3000	1.42123	6.33781	0.000311854	0.0001445	2.31714e-06	0.000774166	7.208e-05	5.33971e-05	4.47514e-05	1.52
4	4000	1.504	12.9678	0.00033658	0.000157717	4.37714e-06	0.000786837	7.61143e-05	5.81486e-05	6.65771e-05	1.60
4	4000	1.50224	12.4535	0.000336754	0.0001578	4.13429e-06	0.00078708	7.60286e-05	5.81971e-05	6.49857e-05	1.60
4	4000	1.5029	10.6145	0.000338237	0.000157317	4.51429e-06	0.000787229	7.62029e-05	5.846e-05	6.36229e-05	1.60
4	4000	1.50983	15.3618	0.000337363	0.000157394	3.90571e-06	0.000787411	7.61143e-05	5.83886e-05	6.59914e-05	1.61
4	4000	1.51131	13.3824	0.000337231	0.000157489	3.96571e-06	0.000787454	7.58771e-05	5.82286e-05	6.87057e-05	1.61
4	4000	1.50713	12.396	0.000336903	0.000157554	4.30571e-06	0.000786877	7.60143e-05	5.82714e-05	6.12571e-05	1.60
4	4000	1.50815	13.5509	0.000336931	0.00015784	4.38286e-06	0.000786917	7.61857e-05	5.81829e-05	6.75086e-05	1.60
4	4000	1.51197	15.3797	0.000337017	0.000157406	4.54286e-06	0.000786746	7.61514e-05	5.83286e-05	6.98571e-05	1.60
4	4000	1.5018	13.0057	0.00033734	0.000157583	4.4e-06	0.000786957	7.62771e-05	5.84029e-05	6.39057e-05	1.60
4	4000	1.51474	16.3355	0.000337874	0.000156871	4.24286e-06	0.000787251	7.63314e-05	5.84971e-05	7.52429e-05	1.61
5	5000	1.62231	14.3836	0.000373374	0.000176983	5.94857e-06	0.000806066	8.16286e-05	6.50543e-05	8.68429e-05	1.72
5	5000	1.60968	14.1484	0.000372663	0.000178246	6.28286e-06	0.00080578	8.13971e-05	6.45457e-05	7.45714e-05	1.70
5	5000	1.61955	14.9949	0.000372669	0.000177437	6.28571e-06	0.000805509	8.154e-05	6.47114e-05	8.74514e-05	1.72
5	5000	1.63534	18.2472	0.00037252	0.000177197	6.05429e-06	0.000805626	8.13886e-05	6.462e-05	9.59371e-05	1.73
5	5000	1.62307	17.8172	0.000373971	0.00017736	5.59143e-06	0.000806729	8.17114e-05	6.506e-05	8.89257e-05	1.72
5	5000	1.62388	15.6261	0.00037216	0.000177746	5.92857e-06	0.000805683	8.144e-05	6.45857e-05	8.818e-05	1.72
5	5000	1.62796	16.0087	0.000373374	0.00017714	5.91143e-06	0.000806074	8.17771e-05	6.504e-05	9.23771e-05	1.72
5	5000	1.61475	16.5693	0.000371971	0.000178211	6.01429e-06	0.000805669	8.13429e-05	6.45571e-05	8.82686e-05	1.71
5	5000	1.63019	15.9523	0.00037422	0.000177297	6.3e-06	0.000806149	8.182e-05	6.51686e-05	9.31e-05	1.72
5	5000	1.62343	15.6545	0.000373754	0.000177311	6.06286e-06	0.00080608	8.14829e-05	6.498e-05	8.53686e-05	1.72
6	6000	1.78131	18.3785	0.000425111	0.000204	8.11714e-06	0.000833597	8.998e-05	7.48486e-05	0.0001183	1.88
6	6000	1.77964	19.9039	0.000424314	0.000204066	8.11143e-06	0.000833194	8.95943e-05	7.42971e-05	0.000114834	1.88
6	6000	1.78375	17.2642	0.000423497	0.000203566	8.5e-06	0.000832366	8.94171e-05	7.42457e-05	0.000112769	1.88
6	6000	1.79233	19.9893	0.000427194	0.0002033	8.21714e-06	0.000834254	8.99e-05	7.53114e-05	0.000119049	1.89
6	6000	1.78531	20.2022	0.000424049	0.000203574	8.52571e-06	0.000832554	8.95629e-05	7.44971e-05	0.000125403	1.89
6	6000	1.76396	17.001	0.000422417	0.000204837	8.82857e-06	0.000831769	8.926e-05	7.36229e-05	0.000105874	1.86
6	6000	1.77306	17.3668	0.00042542	0.000203669	8.14857e-06	0.000833551	8.988e-05	7.472e-05	0.000114417	1.87
6	6000	1.7751	18.445	0.000425314	0.000203771	8.36571e-06	0.000833371	8.99743e-05	7.49257e-05	0.00011482	1.87
6	6000	1.78601	20.8339	0.000423074	0.000204023	8.14857e-06	0.000832669	8.93943e-05	7.41629e-05	0.000121177	1.87
6	6000	1.78106	19.829	0.00042492	0.000203777	8.10857e-06	0.000833386	8.99343e-05	7.45971e-05	0.000115886	1.88
7	7000	1.97054	19.4105	0.000488646	0.000238097	1.17629e-05	0.000866306	0.000100231	8.62943e-05	0.000142606	2.07
7	7000	1.9759	23.4052	0.000489649	0.000239123	1.04829e-05	0.000868197	0.000100086	8.622e-05	0.000148826	2.07
7	7000	1.99322	23.0854	0.00048918	0.000237846	1.05771e-05	0.000867709	0.000100203	8.66286e-05	0.000164123	2.09
7	7000	1.98713	22.6776	0.000490503	0.000237826	1.02343e-05	0.000868537	0.000100163	8.66257e-05	0.00015936	2.09
7	7000	1.9916	21.6125	0.000489006	0.000238271	1.02743e-05	0.000867977	0.000100234	8.64657e-05	0.000155229	2.09
7	7000	1.97145	22.6348	0.000489266	0.000238586	1.14314e-05	0.000867114	0.000100149	8.64543e-05	0.000148643	2.06
7	7000	1.97113	21.2598	0.000488443	0.00023754	1.15486e-05	0.000866166	0.000100029	8.628e-05	0.000148274	2.06
7	7000	1.97523	24.0616	0.000488849	0.00023992	1.15057e-05	0.00086702	0.000100069	8.61114e-05	0.000149549	2.07
7	7000	1.97498	22.6861	0.000489949	0.000238006	1.11771e-05	0.000867337	0.000100231	8.67857e-05	0.000153891	2.07
7	7000	1.9758	24.1768	0.000489326	0.000237266	1.07914e-05	0.000867443	0.000100203	8.64714e-05	0.000154286	2.07
8	8000	2.21882	25.1077	0.000567834	0.000277783	1.47486e-05	0.000907674	0.000113114	0.000101137	0.000190986	2.31
8	8000	2.21647	24.1634	0.00056738	0.000278009	1.42486e-05	0.000908063	0.000113166	0.000100971	0.000191717	2.31
8	8000	2.23007	24.7555	0.000566346	0.00027998	1.39314e-05	0.00090832	0.000112623	0.000100246	0.000196503	2.33
8	8000	2.22434	26.4976	0.000568094	0.000278066	1.44914e-05	0.000908243	0.000113174	0.00010104	0.000195923	2.32
8	8000	2.22468	25.7265	0.000567429	0.000279329	1.45e-05	0.000908314	0.000112991	0.000100723	0.000199114	2.32
8	8000	2.2181	25.4288	0.000566809	0.000278606	1.41171e-05	0.000908091	0.000112909	0.000100737	0.000191586	2.32
8	8000	2.21801	23.6496	0.000566806	0.000278166	1.5e-05	0.000907114	0.000112971	0.000100469	0.00018314	2.32
8	8000	2.22404	25.5121	0.000567611	0.000278371	1.45943e-05	0.000907817	0.000113114	0.000100766	0.000194786	2.32
8	8000	2.21026	26.3623	0.000567337	0.000277937	1.42886e-05	0.000907991	0.000113154	0.000100751	0.00019004	2.30
8	8000	2.22337	26.3487	0.00056734	0.00027722	1.43971e-05	0.000907697	0.000112951	0.000100649	0.000196371	2.32
9	9000	2.49884	28.6959	0.000653106	0.000323949	1.72486e-05	0.000953646	0.000127377	0.0001162	0.000249494	2.61
9	9000	2.48405	30.2434	0.000653866	0.000325634	1.78171e-05	0.000953783	0.000127283	0.000116054	0.000240289	2.58
9	9000	2.50313	30.4912	0.000653886	0.0003251	1.728e-05	0.000954306	0.00012736	0.000116226	0.000259417	2.60
9	9000	2.48329	27.6236	0.000653963	0.000325711	1.876e-05	0.000952837	0.00012738	0.000116277	0.000241077	2.58
9	9000	2.49042	29.7534	0.000653037	0.000325466	1.78371e-05	0.00095336	0.000127209	0.000116074	0.000244211	2.59
9	9000	2.50232	27.4895	0.000655206	0.000323211	1.82457e-05	0.000953329	0.000127803	0.000116849	0.000254691	2.60
9	9000	2.49275	28.9605	0.000653714	0.00032406	1.80114e-05	0.000953091	0.000127491	0.000116514	0.000250451	2.59
9	9000	2.48492	29.0389	0.000653774	0.000323689	1.80029e-05	0.000953191	0.0001275	0.00011662	0.000240866	2.58
9	9000	2.49024	29.1115	0.000652977	0.00032498	1.82886e-05	0.000952626	0.000127126	0.000115963	0.000247454	2.58
9	9000	2.50189	28.3497	0.000655231	0.00032362	1.80943e-05	0.000953754	0.000127809	0.000117	0.000254937	2.60
10	10000	2.79456	29.8541	0.000747489	0.000372566	2.21257e-05	0.00100163	0.000143097	0.000133517	0.000307737	2.90
10	10000	2.79248	32.1436	0.000747346	0.000373494	2.39114e-05	0.000999977	0.000143266	0.000133306	0.0003077	2.89
10	10000	2.79429	31.6052	0.000747029	0.000373717	2.20914e-05	0.00100168	0.00014312	0.000133309	0.000306309	2.89
10	10000	2.77953	30.6182	0.000747351	0.000372571	2.262e-05	0.00100101	0.000143169	0.000133503	0.000298717	2.88
10	10000	2.79612	29.2086	0.000747349	0.00037398	2.24714e-05	0.0010015	0.000143211	0.000133326	0.000306157	2.89
10	10000	2.77894	31.0773	0.00074634	0.000373023	2.23886e-05	0.00100097	0.000143029	0.000133343	0.000290514	2.88
10	10000	2.80413	31.6987	0.000748391	0.000373183	2.23286e-05	0.00100186	0.000143146	0.00013364	0.00031728	2.90
10	10000	2.79153	30.2358	0.000747011	0.000373737	2.23171e-05	0.00100145	0.00014272	0.000133091	0.000303951	2.89
10	10000	2.79146	29.1233	0.000748554	0.000374694	2.26686e-05	0.00100185	0.000143149	0.000133457	0.000302763	2.89
10	10000	2.77401	28.9571	0.000747429	0.000372294	2.19171e-05	0.00100177	0.000143263	0.000133591	0.00029176	2.87
11	11000	3.11737	34.5394	0.000843471	0.000425443	2.70286e-05	0.00105124	0.000159149	0.000150437	0.000379011	3.22
11	11000	3.10523	33.9419	0.000842554	0.000423306	2.77429e-05	0.00104955	0.000159154	0.00015054	0.000379829	3.20
11	11000	3.08134	32.5402	0.000844831	0.000425014	2.77829e-05	0.0010509	0.000159643	0.000151011	0.000361397	3.19
11	11000	3.10385	32.8039	0.000842577	0.000425997	2.83657e-05	0.00104961	0.000158977	0.000150077	0.000368677	3.20
11	11000	3.08004	32.6434	0.000844386	0.000426317	2.82057e-05	0.00105057	0.000159409	0.000150569	0.000352326	3.18
11	11000	3.08919	34.1278	0.000843734	0.00042482	2.75114e-05	0.00105079	0.000159166	0.000150517	0.000368614	3.19
11	11000	3.09653	32.6104	0.000842857	0.000425006	2.72143e-05	0.0010507	0.000159206	0.0001503	0.000372646	3.19
11	11000	3.11587	34.8264	0.000841677	0.00042292	2.65743e-05	0.00105039	0.000158946	0.000150286	0.000374023	3.22
11	11000	3.10146	33.2929	0.000846134	0.000424163	2.73657e-05	0.00105182	0.000159846	0.000151257	0.000375217	3.20
11	11000	3.08969	32.7135	0.000842566	0.000425329	2.91229e-05	0.00104847	0.000159146	0.000150311	0.000363543	3.19
12	12000	3.42138	35.4943	0.00094214	0.000475969	3.318e-05	0.00110018	0.000176074	0.000168463	0.00045132	3.52
12	12000	3.42985	35.5255	0.000940666	0.000474094	3.28943e-05	0.00109953	0.000175823	0.000168283	0.000445309	3.53
12	12000	3.43949	35.9351	0.000939537	0.000474546	3.19171e-05	0.0011001	0.000175686	0.000168086	0.000458834	3.54
12	12000	3.41036	37.3859	0.000940549	0.0004754	3.27943e-05	0.00109979	0.000175794	0.000168111	0.000432637	3.51
12	12000	3.40993	34.4226	0.000941646	0.000475354	3.24257e-05	0.00110059	0.000176026	0.000168457	0.000431534	3.51
12	12000	3.43562	35.4839	0.00094012	0.000475823	3.27629e-05	0.00109966	0.000175634	0.000167909	0.000451586	3.53
12	12000	3.39816	34.8994	0.000941226	0.000476263	3.30771e-05	0.00110007	0.000175771	0.00016804	0.000429897	3.50
12	12000	3.41873	36.3463	0.000940563	0.000475431	3.36543e-05	0.00109891	0.00017588	0.000168117	0.000444503	3.52
12	12000	3.42646	35.8048	0.000942394	0.000475186	3.25771e-05	0.00110079	0.0001761	0.000168409	0.000450291	3.52
12	12000	3.40075	35.6258	0.00094178	0.000475337	3.32943e-05	0.00109986	0.000175926	0.000168303	0.000429937	3.50
