N_THREADS	N_TRANSACTIONS	TIME	N_ABORTS	PROCESS_READ_TIME	PROCESS_WRITE_TIME	PROCESS_VALIDATION_TIME	PROCESS_OTHER_TIME	COMMIT_VALIDATION_TIME	COMMIT_OTHER_TIME	WASTED_TIME
1	4096	10.4075	0	0.000101397	0.00010496	0	9.71914e-05	2.51429e-07	0.00013592	2.44571e-06
1	4096	10.4075	0	0.000101343	0.000104903	0	9.72257e-05	2.51429e-07	0.000135966	2.43714e-06
1	4096	10.4079	0	0.000101417	0.000105029	0	9.71743e-05	2.51429e-07	0.000135931	2.44857e-06
1	4096	10.4074	0	0.000101406	0.000104931	0	9.71971e-05	2.51429e-07	0.000135923	2.44e-06
1	4096	10.4062	0	0.0001013	0.000104697	0	9.71514e-05	2.51429e-07	0.000135866	2.42286e-06
1	4096	10.4071	0	0.000101369	0.000104926	0	9.718e-05	2.51429e-07	0.000135923	2.44286e-06
1	4096	10.4084	0	0.000101383	0.00010506	0	9.71943e-05	2.51429e-07	0.000135914	2.44857e-06
1	4096	10.4085	0	0.000101406	0.000105089	0	9.71857e-05	2.51429e-07	0.000135929	2.45714e-06
1	4096	10.4072	0	0.000101409	0.000104934	0	9.71829e-05	2.51429e-07	0.000135903	2.44e-06
1	4096	10.4071	0	0.000101386	0.000104934	0	9.71743e-05	2.51429e-07	0.000135917	2.44286e-06
2	4096	5.22334	6.11964	0.000101583	0.000104951	0	9.742e-05	2.51429e-07	0.000136443	6.01714e-06
2	4096	5.22287	4.92108	0.000101651	0.000105326	0	9.74171e-05	2.51429e-07	0.0001364	5.33429e-06
2	4096	5.22921	7.70617	0.00010186	0.000105529	0	9.75743e-05	2.51429e-07	0.000136697	6.96857e-06
2	4096	5.22339	5.2729	0.000101711	0.000105251	0	9.75086e-05	2.51429e-07	0.000136566	5.51714e-06
2	4096	5.22447	5.86072	0.000101763	0.000105357	0	9.74714e-05	2.51429e-07	0.00013656	5.58571e-06
2	4096	5.22194	4.58887	0.000101626	0.000105149	0	9.74457e-05	2.45714e-07	0.000136477	4.97429e-06
2	4096	5.2248	4.63329	0.000101883	0.000105569	0	9.75714e-05	2.51429e-07	0.000136783	4.67714e-06
2	4096	5.2258	6.59065	0.000101654	0.000105357	0	9.74371e-05	2.51429e-07	0.0001364	6.48286e-06
2	4096	5.22498	6.03349	0.000101717	0.000105217	0	9.74686e-05	2.51429e-07	0.000136523	6.23143e-06
2	4096	5.22331	5.51326	0.000101683	0.000105174	0	9.74743e-05	2.51429e-07	0.000136571	5.61143e-06
3	4096	3.48917	7.87224	0.000101574	0.000105083	0	9.74571e-05	2.48571e-07	0.000136297	6.49714e-06
3	4096	3.49834	12.9067	0.000101749	0.000105603	0	9.74914e-05	2.48571e-07	0.000136631	1.034e-05
3	4096	3.49096	7.60208	0.000101654	0.00010522	0	9.73857e-05	2.48571e-07	0.000136351	6.41714e-06
3	4096	3.49363	8.59183	0.000101686	0.000105357	0	9.74371e-05	2.48571e-07	0.00013646	7.00571e-06
3	4096	3.4945	9.75986	0.000101746	0.000105294	0	9.74657e-05	2.48571e-07	0.000136474	7.73143e-06
3	4096	3.49162	8.48972	0.000101657	0.000105254	0	9.74314e-05	2.48571e-07	0.000136429	6.63714e-06
3	4096	3.49811	10.8208	0.000101754	0.000105437	0	9.74686e-05	2.48571e-07	0.000136523	8.48857e-06
3	4096	3.49163	8.91706	0.000101731	0.000105254	0	9.74914e-05	2.48571e-07	0.000136594	7.05714e-06
3	4096	3.4923	7.58123	0.000101669	0.000105377	0	9.73829e-05	2.48571e-07	0.000136366	6.26857e-06
3	4096	3.49201	8.77506	0.000101666	0.000105229	0	9.74829e-05	2.48571e-07	0.000136377	7.21714e-06
4	4096	2.63055	14.9855	0.000102106	0.000105811	0	9.77086e-05	2.42857e-07	0.000137097	1.04629e-05
4	4096	2.62804	12.9252	0.000102031	0.000105583	0	9.77114e-05	2.51429e-07	0.000136977	8.95714e-06
4	4096	2.6309	13.3122	0.000102117	0.000106	0	9.77886e-05	2.45714e-07	0.000137166	9.79143e-06
4	4096	2.62635	10.6847	0.000102166	0.000105726	0	9.77143e-05	2.48571e-07	0.000137077	7.32857e-06
4	4096	2.63225	17.5689	0.000102163	0.000105734	0	9.78257e-05	2.51429e-07	0.000137326	1.192e-05
4	4096	2.62869	13.0546	0.000102046	0.000105591	0	9.76914e-05	2.45714e-07	0.000137003	9.42286e-06
4	4096	2.62899	14.0038	0.000102074	0.000105569	0	9.77057e-05	2.51429e-07	0.000137097	9.61429e-06
4	4096	2.63379	17.001	0.000102237	0.000105783	0	9.78e-05	2.48571e-07	0.000137271	1.26343e-05
4	4096	2.63247	14.6311	0.000102046	0.000105577	0	9.77714e-05	2.51429e-07	0.000137086	1.04114e-05
4	4096	2.6295	14.4528	0.000102174	0.000106057	0	9.77771e-05	2.51429e-07	0.000137271	9.68571e-06
5	4096	2.12976	32.1517	0.000103643	0.000107586	0	9.87629e-05	2.42857e-07	0.000139557	2.31714e-05
5	4096	2.12632	27.6069	0.000103211	0.00010688	0	9.85314e-05	2.42857e-07	0.000138934	2.06943e-05
5	4096	2.12135	24.844	0.000103003	0.000106926	0	9.83171e-05	2.42857e-07	0.000138403	1.762e-05
5	4096	2.12646	30.0427	0.000103294	0.000107186	0	9.85086e-05	2.42857e-07	0.00013906	2.25486e-05
5	4096	2.12625	32.1517	0.000103371	0.000107097	0	9.866e-05	2.42857e-07	0.000139026	2.444e-05
5	4096	2.1282	27.6581	0.000102997	0.000106911	0	9.83514e-05	2.42857e-07	0.00013866	1.96514e-05
5	4096	2.11733	23.696	0.000102843	0.000106563	0	9.82343e-05	2.42857e-07	0.000138269	1.70229e-05
5	4096	2.12228	25.4731	0.000102923	0.000106829	0	9.82686e-05	2.42857e-07	0.000138477	1.81829e-05
5	4096	2.12241	24.8854	0.000103177	0.000107097	0	9.84343e-05	2.42857e-07	0.000138794	1.72543e-05
5	4096	2.12308	28.0899	0.000103111	0.0001067	0	9.84229e-05	2.42857e-07	0.000138574	2.11086e-05
6	4096	1.79549	41.402	0.000104991	0.000108791	0	9.97429e-05	2.4e-07	0.000141671	3.54629e-05
6	4096	1.7902	40.5946	0.000104391	0.000108166	0	9.93143e-05	2.4e-07	0.000140751	3.48943e-05
6	4096	1.78137	35.4147	0.000104	0.000107726	0	9.90114e-05	2.4e-07	0.000139983	2.81429e-05
6	4096	1.78889	39.7647	0.000104331	0.000108217	0	9.92886e-05	2.4e-07	0.00014064	3.32114e-05
6	4096	1.78999	41.4355	0.000104626	0.000108394	0	9.94514e-05	2.4e-07	0.000140963	3.43514e-05
6	4096	1.79453	40.8861	0.000104549	0.00010834	0	9.94429e-05	2.4e-07	0.000140874	3.53114e-05
6	4096	1.78849	41.0478	0.000104489	0.000108263	0	9.93286e-05	2.4e-07	0.000140594	3.43286e-05
6	4096	1.78035	33.05	0.000103997	0.000107714	0	9.90429e-05	2.4e-07	0.000140086	2.40314e-05
6	4096	1.78889	41.3265	0.000104494	0.000108277	0	9.93314e-05	2.4e-07	0.000140643	3.60686e-05
6	4096	1.78443	39.7558	0.000104446	0.000108231	0	9.93886e-05	2.4e-07	0.000140729	3.264e-05
7	4096	1.55564	47.9013	0.000105654	0.000109594	0	0.000100177	2.4e-07	0.000142417	4.57057e-05
7	4096	1.54473	45.8488	0.00010608	0.000110031	0	0.000100517	2.4e-07	0.00014302	4.05686e-05
7	4096	1.54843	48.1519	0.000105423	0.000109283	0	0.000100086	2.4e-07	0.000142169	4.49943e-05
7	4096	1.54242	45.5753	0.000105606	0.000109549	0	0.000100154	2.4e-07	0.000142291	3.92429e-05
7	4096	1.55237	49.8776	0.000105949	0.00010982	0	0.00010046	2.4e-07	0.000143026	4.94229e-05
7	4096	1.54722	50.0183	0.000106389	0.000110391	0	0.000100711	2.4e-07	0.000143174	4.76686e-05
7	4096	1.56098	51.9812	0.000106109	0.000110057	0	0.000100617	2.4e-07	0.00014314	5.57229e-05
7	4096	1.54365	46.3734	0.000105403	0.000109286	0	0.00010002	2.4e-07	0.000142374	4.15543e-05
7	4096	1.55332	50.4296	0.000105903	0.000109917	0	0.000100371	2.4e-07	0.00014276	4.95171e-05
7	4096	1.54758	48.3871	0.000105774	0.000109671	0	0.000100311	2.4e-07	0.000142551	4.53457e-05
8	4096	1.37151	55.2154	0.000107314	0.000111506	0	0.00010138	2.45714e-07	0.000144686	5.91114e-05
8	4096	1.38132	58.5593	0.000107734	0.000111934	0	0.00010174	2.45714e-07	0.000145194	7.066e-05
8	4096	1.37254	55.8668	0.000107366	0.00011156	0	0.000101429	2.42857e-07	0.00014486	6.39171e-05
8	4096	1.37532	56.5872	0.000107677	0.000111829	0	0.000101677	2.45714e-07	0.000145343	6.442e-05
8	4096	1.36856	51.9079	0.000107334	0.000111509	0	0.000101449	2.37143e-07	0.000144969	5.08343e-05
8	4096	1.37122	55.5411	0.000107	0.00011102	0	0.000101203	2.45714e-07	0.000144717	6.20857e-05
8	4096	1.3779	57.0109	0.00010752	0.000111566	0	0.000101603	2.42857e-07	0.0001451	6.71057e-05
8	4096	1.37303	56.009	0.000107346	0.000111511	0	0.000101391	2.51429e-07	0.000144569	6.34771e-05
8	4096	1.37138	55.8573	0.000107586	0.000111803	0	0.0001016	2.45714e-07	0.00014516	6.19486e-05
8	4096	1.37513	54.7753	0.000107217	0.000111229	0	0.000101329	2.51429e-07	0.000144729	5.86829e-05
9	4096	1.23857	62.4771	0.000109709	0.000113991	0	0.000103131	2.31429e-07	0.000148031	8.59143e-05
9	4096	1.23745	60.8525	0.000109583	0.000113983	0	0.000103094	2.31429e-07	0.000147986	7.89229e-05
9	4096	1.23449	61.3403	0.000109266	0.00011356	0	0.000102831	2.31429e-07	0.000147657	7.98086e-05
9	4096	1.23792	63.5035	0.000109943	0.000114329	0	0.000103369	2.31429e-07	0.000148569	8.68514e-05
9	4096	1.23899	62.1652	0.00010984	0.00011418	0	0.000103234	2.31429e-07	0.000148117	8.30057e-05
9	4096	1.2383	60.7625	0.000110071	0.000114477	0	0.000103491	2.31429e-07	0.000148646	7.70857e-05
9	4096	1.24098	61.424	0.0001094	0.000113686	0	0.000102994	2.31429e-07	0.000147777	8.28886e-05
9	4096	1.24233	63.6557	0.000109669	0.000114003	0	0.000103149	2.31429e-07	0.000148129	8.94486e-05
9	4096	1.23646	62.4668	0.000109363	0.000113634	0	0.000102894	2.31429e-07	0.000147834	8.42171e-05
9	4096	1.23811	61.979	0.000109563	0.000113849	0	0.000103069	2.31429e-07	0.000147943	8.29829e-05
10	4096	1.13853	67.8846	0.000112531	0.000117089	0	0.000105197	2.28571e-07	0.000152063	0.000110611
10	4096	1.13204	66.5578	0.000111983	0.000116603	0	0.000104857	2.28571e-07	0.000151514	0.000103543
10	4096	1.12924	65.0721	0.000112086	0.000116714	0	0.000104929	2.28571e-07	0.000151489	9.45657e-05
10	4096	1.13634	67.3105	0.000112123	0.000116686	0	0.00010496	2.28571e-07	0.000151409	0.000108694
10	4096	1.13326	64.0355	0.000112074	0.000116697	0	0.000104909	2.28571e-07	0.000151377	9.14514e-05
10	4096	1.11848	60.9719	0.000110691	0.000115089	0	0.000103894	2.28571e-07	0.000149451	7.63114e-05
10	4096	1.14049	68.8327	0.000111983	0.000116606	0	0.000104843	2.28571e-07	0.000151329	0.000115697
10	4096	1.13298	66.9784	0.000112529	0.000117203	0	0.000105231	2.28571e-07	0.00015194	0.000103831
10	4096	1.13563	68.1963	0.000112883	0.000117611	0	0.000105591	2.28571e-07	0.000152909	0.00011216
10	4096	1.12397	63.5165	0.00011208	0.000116623	0	0.000104943	2.28571e-07	0.000151851	8.74657e-05
11	4096	1.07175	72.4787	0.000115357	0.000120269	0	0.000107277	2.51429e-07	0.00015644	0.000148986
11	4096	1.05726	72.7949	0.000114794	0.000119677	0	0.000106926	2.48571e-07	0.000155326	0.00014532
11	4096	1.07619	73.4835	0.00011554	0.000120446	0	0.000107431	2.45714e-07	0.000156437	0.000152694
11	4096	1.05457	71.2178	0.000115791	0.000120823	0	0.0001076	2.48571e-07	0.000156529	0.000131789
11	4096	1.06515	74.2212	0.000115126	0.000120123	0	0.000107154	2.48571e-07	0.000155529	0.000156583
11	4096	1.05648	71.0387	0.000115343	0.000120349	0	0.000107314	2.45714e-07	0.000156026	0.000128451
11	4096	1.04862	69.2654	0.000114686	0.000119577	0	0.000106814	2.48571e-07	0.000154809	0.000116706
11	4096	1.05074	70.174	0.000116103	0.00012114	0	0.000107837	2.48571e-07	0.000156883	0.000120451
11	4096	1.05875	73.3437	0.000115397	0.000120289	0	0.000107294	2.51429e-07	0.000155837	0.000152851
11	4096	1.05613	72.9441	0.000115574	0.000120529	0	0.00010744	2.42857e-07	0.000156397	0.000145537
12	4096	1.03362	77.5488	0.000122146	0.000127391	0	0.000113177	2.4e-07	0.000165051	0.000204546
12	4096	1.0042	72.7822	0.0001203	0.000125249	0	0.00011196	2.4e-07	0.000162746	0.000146483
12	4096	1.02212	76.2551	0.000120871	0.000125934	0	0.000112346	2.4e-07	0.000163709	0.000185909
12	4096	1.03434	78.5381	0.000123434	0.000128849	0	0.000114071	2.4e-07	0.000166771	0.000218194
12	4096	1.01547	73.8592	0.00012062	0.000125646	0	0.000112154	2.4e-07	0.000162746	0.00015604
12	4096	1.03216	76.6875	0.00012152	0.0001267	0	0.000112763	2.4e-07	0.000164197	0.000191783
12	4096	1.01738	73.6879	0.000120463	0.000125446	0	0.000112069	2.4e-07	0.000162569	0.000155266
12	4096	1.01755	75.2073	0.000121483	0.000126643	0	0.000112831	2.4e-07	0.000164549	0.000169586
12	4096	1.02175	75.1712	0.00012122	0.000126369	0	0.00011258	2.4e-07	0.000164011	0.000170891
12	4096	1.01117	74.4144	0.000120937	0.000125989	0	0.000112411	2.4e-07	0.000163294	0.000158131
