N_POINTS	N_THREADS	TIME
100000	1	0.585329
100000	1	0.586326
100000	1	0.585778
100000	1	0.586045
100000	1	0.581654
100000	4	0.207855
100000	4	0.205882
100000	4	0.205843
100000	4	0.204265
100000	4	0.20683
100000	8	0.194788
100000	8	0.195574
100000	8	0.196573
100000	8	0.194267
100000	8	0.197511
100000	32	0.633022
100000	32	0.612909
100000	32	0.616967
100000	32	0.623616
100000	32	0.642546
50000000	1	415.467
50000000	1	434.711
50000000	1	421.281
50000000	1	393.365
50000000	1	433.69
50000000	4	125.11
50000000	4	128.502
50000000	4	126.119
50000000	4	125.065
50000000	4	134.102
50000000	8	111.161
50000000	8	120.75
50000000	8	121.598
50000000	8	121.561
50000000	8	121.561
50000000	32	412.506
50000000	32 	382.754
50000000	32 	370.34
50000000	32 	353.76
50000000	32 	359.252
