N_THREADS	N_TRANSACTIONS	TIME	N_ABORTS	PROCESS_READ_TIME	PROCESS_WRITE_TIME	PROCESS_VALIDATION_TIME	PROCESS_OTHER_TIME	COMMIT_VALIDATION_TIME	COMMIT_OTHER_TIME	WASTED_TIME
1	100	0.0103305	0	1.68314e-05	3.71429e-08	0	1.34886e-05	8.57143e-09	6.84571e-06	1.12571e-06
1	100	0.0103328	0	1.68457e-05	3.71429e-08	0	1.34914e-05	8.57143e-09	6.85143e-06	1.13143e-06
1	100	0.0103347	0	1.68829e-05	3.71429e-08	0	1.34857e-05	8.57143e-09	6.84857e-06	1.13143e-06
1	100	0.0103332	0	1.68743e-05	3.71429e-08	0	1.348e-05	8.57143e-09	6.84286e-06	1.12857e-06
1	100	0.0103344	0	1.68714e-05	3.71429e-08	0	1.35e-05	8.57143e-09	6.84571e-06	1.13143e-06
1	100	0.010328	0	1.68286e-05	3.71429e-08	0	1.34743e-05	8.57143e-09	6.84571e-06	1.13429e-06
1	100	0.0103285	0	1.68343e-05	3.71429e-08	0	1.34829e-05	8.57143e-09	6.84857e-06	1.13143e-06
1	100	0.010328	0	1.68229e-05	3.71429e-08	0	1.34829e-05	8.57143e-09	6.85143e-06	1.13143e-06
1	100	0.0103281	0	1.68229e-05	3.71429e-08	0	1.34971e-05	8.57143e-09	6.84e-06	1.13143e-06
1	100	0.0103243	0	1.67943e-05	3.71429e-08	0	1.34829e-05	8.57143e-09	6.84857e-06	1.12286e-06
2	200	0.0110943	0	1.954e-05	5.42857e-08	0	1.50171e-05	1.14286e-08	8.64857e-06	1.12857e-06
2	200	0.0110952	0	1.95657e-05	5.42857e-08	0	1.50171e-05	1.14286e-08	8.63429e-06	1.12857e-06
2	200	0.0110913	0	1.956e-05	5.42857e-08	0	1.50057e-05	1.14286e-08	8.62857e-06	1.13429e-06
2	200	0.0110901	0	1.95257e-05	5.42857e-08	0	1.50114e-05	1.14286e-08	8.63429e-06	1.13143e-06
2	200	0.0110866	0	1.95029e-05	5.42857e-08	0	1.502e-05	1.14286e-08	8.61429e-06	1.12857e-06
2	200	0.011092	0	1.95486e-05	5.42857e-08	0	1.50114e-05	1.14286e-08	8.63429e-06	1.13143e-06
2	200	0.0110825	0	1.95114e-05	5.42857e-08	0	1.50143e-05	1.14286e-08	8.62857e-06	1.12857e-06
2	200	0.0110972	0	1.956e-05	5.42857e-08	0	1.50057e-05	1.14286e-08	8.66571e-06	1.13429e-06
2	200	0.0110913	0	1.95343e-05	5.42857e-08	0	1.50114e-05	1.14286e-08	8.64e-06	1.13429e-06
2	200	0.0110887	0	1.95343e-05	5.42857e-08	0	1.50143e-05	1.14286e-08	8.64286e-06	1.12571e-06
3	300	0.0114292	1.63934	2.05886e-05	6e-08	0	1.54571e-05	1.42857e-08	9.55714e-06	1.97429e-06
3	300	0.0114322	2.28013	2.05029e-05	6e-08	0	1.54514e-05	1.42857e-08	9.61714e-06	2.07143e-06
3	300	0.0113576	0.990099	2.04771e-05	6e-08	0	1.54571e-05	1.42857e-08	9.43429e-06	1.7e-06
3	300	0.0113376	0.990099	2.05857e-05	6e-08	0	1.54657e-05	1.42857e-08	9.57714e-06	1.56571e-06
3	300	0.0114373	2.5974	2.05886e-05	6e-08	0	1.54571e-05	1.42857e-08	9.67143e-06	2.6e-06
3	300	0.0114378	1.96078	2.062e-05	6.28571e-08	0	1.54457e-05	1.42857e-08	9.63714e-06	1.99714e-06
3	300	0.0113549	0.990099	2.04429e-05	6e-08	0	1.54543e-05	1.42857e-08	9.43143e-06	1.69143e-06
3	300	0.0114569	3.22581	2.04686e-05	6e-08	0	1.54629e-05	1.42857e-08	9.38286e-06	2.74e-06
3	300	0.01143	2.91262	2.04314e-05	6e-08	0	1.54429e-05	1.42857e-08	9.45143e-06	2.49429e-06
3	300	0.0114362	2.91262	2.04714e-05	6e-08	0	1.54457e-05	1.42857e-08	9.47143e-06	2.5e-06
4	400	0.0117788	4.98812	2.128e-05	7.71429e-08	0	1.56657e-05	1.71429e-08	1.03571e-05	3.34857e-06
4	400	0.0116921	4.30622	2.12057e-05	7.71429e-08	0	1.56571e-05	1.71429e-08	1.03171e-05	3.18e-06
4	400	0.011682	3.38164	2.112e-05	7.71429e-08	0	1.56657e-05	1.42857e-08	1.01314e-05	2.57429e-06
4	400	0.0116474	5.21327	2.11143e-05	7.71429e-08	0	1.56314e-05	1.71429e-08	1.014e-05	3.28571e-06
4	400	0.011574	4.30622	2.12257e-05	7.71429e-08	0	1.56857e-05	1.71429e-08	1.018e-05	2.86571e-06
4	400	0.011692	3.61446	2.11429e-05	7.71429e-08	0	1.56657e-05	1.42857e-08	1.02286e-05	2.79714e-06
4	400	0.011688	3.38164	2.116e-05	7.71429e-08	0	1.566e-05	1.42857e-08	1.03029e-05	2.72857e-06
4	400	0.0117597	4.30622	2.12e-05	7.71429e-08	0	1.56571e-05	1.71429e-08	1.03371e-05	3.38e-06
4	400	0.0118168	4.98812	2.10714e-05	7.71429e-08	0	1.56514e-05	1.71429e-08	1.01514e-05	3.45143e-06
4	400	0.0115531	3.1477	2.11086e-05	7.71429e-08	0	1.56629e-05	1.71429e-08	1.01086e-05	2.39714e-06
5	500	0.0118917	6.54206	2.18229e-05	7.71429e-08	0	1.58943e-05	1.42857e-08	1.07571e-05	3.82571e-06
5	500	0.0116825	4.21456	2.17057e-05	7.71429e-08	0	1.58143e-05	1.42857e-08	1.078e-05	2.82571e-06
5	500	0.0123874	11.5044	2.17343e-05	7.71429e-08	0	1.58429e-05	1.42857e-08	1.07514e-05	6.71714e-06
5	500	0.0117292	4.7619	2.17486e-05	7.71429e-08	0	1.58143e-05	1.42857e-08	1.07943e-05	3.22571e-06
5	500	0.0117435	4.58015	2.16943e-05	8e-08	0	1.58057e-05	1.42857e-08	1.07657e-05	2.94571e-06
5	500	0.0118846	6.54206	2.18371e-05	7.71429e-08	0	1.59057e-05	1.42857e-08	1.082e-05	3.90286e-06
5	500	0.0120389	9.09091	2.17914e-05	7.71429e-08	0	1.59257e-05	1.42857e-08	1.08171e-05	5.48286e-06
5	500	0.0120288	6.89013	2.17086e-05	7.71429e-08	0	1.58314e-05	1.42857e-08	1.07857e-05	4.62571e-06
5	500	0.0123395	10.3943	2.16571e-05	7.71429e-08	0	1.58171e-05	1.42857e-08	1.07286e-05	7.05714e-06
5	500	0.0119178	5.66038	2.17229e-05	7.71429e-08	0	1.58257e-05	1.42857e-08	1.08286e-05	3.98e-06
6	600	0.0124591	10.1796	2.26429e-05	8e-08	0	1.62743e-05	1.71429e-08	1.14171e-05	6.95143e-06
6	600	0.0133091	13.0435	2.24971e-05	7.42857e-08	0	1.62343e-05	1.42857e-08	1.11686e-05	8.35714e-06
6	600	0.0130185	10.7143	2.23629e-05	7.42857e-08	0	1.61086e-05	1.42857e-08	1.122e-05	6.68286e-06
6	600	0.0128226	12.6638	2.25229e-05	8e-08	0	1.62e-05	1.71429e-08	1.13257e-05	7.17143e-06
6	600	0.0122021	7.8341	2.24143e-05	8.28571e-08	0	1.61571e-05	1.71429e-08	1.12543e-05	5.23429e-06
6	600	0.0151269	16.6667	2.24886e-05	8.28571e-08	0	1.626e-05	1.71429e-08	1.11686e-05	1.05971e-05
6	600	0.0123976	9.22844	2.236e-05	8e-08	0	1.61371e-05	1.71429e-08	1.12114e-05	6.06286e-06
6	600	0.0129163	10.9792	2.28086e-05	8e-08	0	1.642e-05	1.71429e-08	1.146e-05	7.09714e-06
6	600	0.0129725	12.1523	2.24543e-05	8.28571e-08	0	1.616e-05	1.71429e-08	1.13314e-05	7.41429e-06
6	600	0.01254	10.7143	2.26057e-05	8e-08	0	1.62657e-05	1.71429e-08	1.13571e-05	6.52571e-06
7	700	0.0153561	19.7248	2.41029e-05	7.71429e-08	0	1.72971e-05	1.71429e-08	1.19571e-05	1.322e-05
7	700	0.0147728	15.9664	2.39514e-05	7.42857e-08	0	1.70086e-05	1.42857e-08	1.20857e-05	1.06971e-05
7	700	0.0157362	21.9621	2.40486e-05	7.71429e-08	0	1.71771e-05	1.42857e-08	1.21086e-05	1.57086e-05
7	700	0.0145631	16.368	2.37629e-05	7.14286e-08	0	1.68857e-05	1.42857e-08	1.19686e-05	1.008e-05
7	700	0.0143512	18.3197	2.39771e-05	7.71429e-08	0	1.70143e-05	1.42857e-08	1.21514e-05	1.26514e-05
7	700	0.0162982	19.5402	2.424e-05	7.71429e-08	0	1.73314e-05	1.71429e-08	1.21829e-05	1.38571e-05
7	700	0.0141569	15.6627	2.37286e-05	7.14286e-08	0	1.69143e-05	1.42857e-08	1.19257e-05	1.00657e-05
7	700	0.01386	17.2577	2.36286e-05	7.14286e-08	0	1.68571e-05	1.14286e-08	1.19229e-05	1.08486e-05
7	700	0.0126923	9.90991	2.39429e-05	7.71429e-08	0	1.694e-05	1.42857e-08	1.22171e-05	6.36286e-06
7	700	0.0139433	16.0671	2.38714e-05	7.14286e-08	0	1.69657e-05	1.42857e-08	1.20714e-05	1.00571e-05
8	800	0.0164416	23.9544	2.49743e-05	7.42857e-08	0	1.76057e-05	1.14286e-08	1.25571e-05	1.858e-05
8	800	0.0183751	22.7799	2.49371e-05	7.42857e-08	0	1.76e-05	1.14286e-08	1.258e-05	1.62143e-05
8	800	0.0173321	23.5912	2.49e-05	7.42857e-08	0	1.75743e-05	1.14286e-08	1.25371e-05	1.64343e-05
8	800	0.0188983	23.445	2.53629e-05	7.42857e-08	0	1.79e-05	1.14286e-08	1.276e-05	1.82686e-05
8	800	0.0177115	28.7622	2.47229e-05	7.42857e-08	0	1.74886e-05	1.14286e-08	1.24686e-05	2.19571e-05
8	800	0.0165469	23.882	2.504e-05	6.85714e-08	0	1.77286e-05	1.14286e-08	1.25314e-05	1.672e-05
8	800	0.0165744	22.0273	2.53257e-05	7.14286e-08	0	1.78743e-05	1.42857e-08	1.27714e-05	1.59571e-05
8	800	0.0174688	22.6306	2.46771e-05	7.71429e-08	0	1.75571e-05	1.42857e-08	1.23257e-05	1.55086e-05
8	800	0.0160453	22.8544	2.52086e-05	7.42857e-08	0	1.772e-05	1.14286e-08	1.28314e-05	1.69057e-05
8	800	0.0169749	26.7399	2.49e-05	7.42857e-08	0	1.75686e-05	1.14286e-08	1.25914e-05	1.94971e-05
9	900	0.0184581	27.9424	2.55629e-05	7.14286e-08	0	1.80114e-05	5.71429e-09	1.28629e-05	2.236e-05
9	900	0.0191135	24.8748	2.514e-05	7.42857e-08	0	1.77486e-05	5.71429e-09	1.26343e-05	1.95e-05
9	900	0.0193887	29.0221	2.58486e-05	7.14286e-08	0	1.81829e-05	8.57143e-09	1.30057e-05	2.43514e-05
9	900	0.017448	26.7101	2.55571e-05	7.42857e-08	0	1.79029e-05	8.57143e-09	1.30429e-05	2.15343e-05
9	900	0.0178795	29.7972	2.58514e-05	7.14286e-08	0	1.818e-05	5.71429e-09	1.30171e-05	2.51314e-05
9	900	0.0192707	29.078	2.58743e-05	7.14286e-08	0	1.83057e-05	5.71429e-09	1.28543e-05	2.66029e-05
9	900	0.0172094	26.0477	2.52857e-05	7.14286e-08	0	1.78257e-05	8.57143e-09	1.26743e-05	1.93343e-05
9	900	0.018296	29.9065	2.47886e-05	7.14286e-08	0	1.75114e-05	5.71429e-09	1.25171e-05	2.422e-05
9	900	0.0175171	26.9481	2.59314e-05	7.14286e-08	0	1.81514e-05	5.71429e-09	1.31486e-05	2.09514e-05
9	900	0.0179828	26.2295	2.596e-05	7.14286e-08	0	1.81486e-05	5.71429e-09	1.31286e-05	2.10486e-05
10	1000	0.0194356	34.1238	2.71457e-05	7.14286e-08	0	1.89914e-05	5.71429e-09	1.36943e-05	3.12371e-05
10	1000	0.0212119	33.1997	2.69971e-05	6.85714e-08	0	1.89229e-05	2.85714e-09	1.354e-05	2.96743e-05
10	1000	0.0198231	30.6037	2.60114e-05	6.85714e-08	0	1.81771e-05	2.85714e-09	1.31971e-05	2.584e-05
10	1000	0.0224485	36.7889	2.65057e-05	6.85714e-08	0	1.86143e-05	2.85714e-09	1.33371e-05	3.68686e-05
10	1000	0.0193323	28.8256	2.716e-05	7.42857e-08	0	1.88514e-05	5.71429e-09	1.37971e-05	2.42029e-05
10	1000	0.0207132	35.1071	2.58343e-05	6.85714e-08	0	1.81514e-05	2.85714e-09	1.30286e-05	3.25029e-05
10	1000	0.020713	34.811	2.77714e-05	6.85714e-08	0	1.93171e-05	5.71429e-09	1.40829e-05	3.42514e-05
10	1000	0.0214838	35.6913	2.61029e-05	7.14286e-08	0	1.832e-05	2.85714e-09	1.31457e-05	3.356e-05
10	1000	0.020593	33.7309	2.64143e-05	6.85714e-08	0	1.84857e-05	2.85714e-09	1.33571e-05	2.91943e-05
10	1000	0.018591	32.7957	2.74514e-05	7.14286e-08	0	1.89857e-05	2.85714e-09	1.406e-05	2.97514e-05
11	1100	0.0221859	38.3754	2.58714e-05	6.57143e-08	0	1.81257e-05	0	1.312e-05	4.07914e-05
11	1100	0.021811	37.1069	2.62429e-05	7.42857e-08	0	1.83171e-05	2.85714e-09	1.33371e-05	3.76914e-05
11	1100	0.0222194	35.7852	2.63343e-05	7.14286e-08	0	1.84143e-05	2.85714e-09	1.33314e-05	3.62914e-05
11	1100	0.0217365	36.7453	2.63886e-05	6.85714e-08	0	1.844e-05	2.85714e-09	1.33771e-05	3.77514e-05
11	1100	0.0209296	33.695	2.578e-05	6.57143e-08	0	1.80571e-05	0	1.30257e-05	3.01686e-05
11	1100	0.0212346	35.5595	2.74829e-05	7.14286e-08	0	1.91886e-05	2.85714e-09	1.39114e-05	3.386e-05
11	1100	0.0205943	31.592	2.73629e-05	6.57143e-08	0	1.89343e-05	0	1.38914e-05	2.84543e-05
11	1100	0.0208949	33.1307	2.648e-05	6.28571e-08	0	1.84486e-05	0	1.34314e-05	3.11743e-05
11	1100	0.021059	31.3358	2.76343e-05	6.28571e-08	0	1.91229e-05	0	1.40229e-05	3.07914e-05
11	1100	0.021576	33.1307	2.636e-05	7.42857e-08	0	1.83543e-05	2.85714e-09	1.33629e-05	3.11514e-05
12	1200	0.0243676	43.1818	2.87371e-05	6.57143e-08	0	2.016e-05	0	1.48971e-05	5.08857e-05
12	1200	0.0236531	38.9002	2.74286e-05	6.57143e-08	0	1.94029e-05	2.85714e-09	1.42171e-05	4.39029e-05
12	1200	0.0229658	38.9002	2.57886e-05	6.85714e-08	0	1.82257e-05	2.85714e-09	1.33486e-05	4.34286e-05
12	1200	0.0233339	37.856	2.86971e-05	7.42857e-08	0	2.01486e-05	2.85714e-09	1.48829e-05	4.26343e-05
12	1200	0.0235968	40	2.66943e-05	7.14286e-08	0	1.888e-05	2.85714e-09	1.37714e-05	4.316e-05
12	1200	0.0215691	39.4245	2.81971e-05	6.57143e-08	0	1.98171e-05	0	1.47057e-05	4.23829e-05
12	1200	0.024142	39.97	2.79286e-05	7.14286e-08	0	1.96571e-05	2.85714e-09	1.45171e-05	4.626e-05
12	1200	0.0227381	37.7593	2.77086e-05	6.28571e-08	0	1.94971e-05	0	1.43343e-05	4.01371e-05
12	1200	0.0233067	39.9399	2.75914e-05	6.85714e-08	0	1.94571e-05	2.85714e-09	1.434e-05	4.49714e-05
12	1200	0.0231504	39.6074	2.77343e-05	5.71429e-08	0	1.95429e-05	0	1.43371e-05	4.67314e-05
