N_THREADS	N_TRANSACTIONS	TIME	N_ABORTS	PROCESS_READ_TIME	PROCESS_WRITE_TIME	PROCESS_VALIDATION_TIME	PROCESS_OTHER_TIME	COMMIT_VALIDATION_TIME	COMMIT_OTHER_TIME	WASTED_TIME
1	100	0.0166483	0	5.46914e-05	0	0	3.642e-05	0	2.35429e-06	2.46857e-06
1	100	0.0166551	0	5.47543e-05	0	0	3.642e-05	0	2.36286e-06	2.43143e-06
1	100	0.0166578	0	5.47657e-05	0	0	3.64257e-05	0	2.36857e-06	2.44857e-06
1	100	0.0166647	0	5.48571e-05	0	0	3.64057e-05	0	2.33429e-06	2.45714e-06
1	100	0.0166559	0	5.47571e-05	0	0	3.644e-05	0	2.35714e-06	2.44571e-06
1	100	0.0166613	0	5.48171e-05	0	0	3.64257e-05	0	2.36286e-06	2.48e-06
1	100	0.0166597	0	5.478e-05	0	0	3.64629e-05	0	2.36286e-06	2.44286e-06
1	100	0.0166571	0	5.47486e-05	0	0	3.646e-05	0	2.35714e-06	2.46286e-06
1	100	0.0166518	0	5.47486e-05	0	0	3.64171e-05	0	2.37143e-06	2.44857e-06
1	100	0.0166616	0	5.48e-05	0	0	3.64457e-05	0	2.36571e-06	2.45714e-06
2	200	0.0172428	0	5.74829e-05	6.85714e-08	0	3.81114e-05	5.71429e-09	2.53429e-06	2.55714e-06
2	200	0.0172488	0	5.762e-05	6.57143e-08	0	3.81743e-05	5.71429e-09	2.50857e-06	2.58e-06
2	200	0.0172437	0	5.75171e-05	6.85714e-08	0	3.81314e-05	5.71429e-09	2.52e-06	2.56e-06
2	200	0.017239	0	5.75143e-05	6.85714e-08	0	3.81086e-05	5.71429e-09	2.51714e-06	2.56e-06
2	200	0.0172528	0	5.75971e-05	6.85714e-08	0	3.81429e-05	5.71429e-09	2.52e-06	2.56e-06
2	200	0.0172483	0	5.75571e-05	6.85714e-08	0	3.814e-05	5.71429e-09	2.51714e-06	2.58e-06
2	200	0.0172451	0	5.75257e-05	6.85714e-08	0	3.81914e-05	5.71429e-09	2.52571e-06	2.55714e-06
2	200	0.0172553	0	5.758e-05	6.85714e-08	0	3.81514e-05	5.71429e-09	2.53429e-06	2.55143e-06
2	200	0.0172371	0	5.75371e-05	6.57143e-08	0	3.81657e-05	5.71429e-09	2.52571e-06	2.55714e-06
2	200	0.0172333	0	5.748e-05	6.85714e-08	0	3.81457e-05	5.71429e-09	2.52571e-06	2.56286e-06
3	300	0.0184391	0	6.32886e-05	1e-07	3.42857e-08	4.15829e-05	5.71429e-09	2.70857e-06	2.69714e-06
3	300	0.0184392	0	6.33e-05	9.42857e-08	3.14286e-08	4.15943e-05	8.57143e-09	2.71714e-06	2.70857e-06
3	300	0.0184293	0	6.33171e-05	9.71429e-08	3.42857e-08	4.14943e-05	5.71429e-09	2.72286e-06	2.72286e-06
3	300	0.0184353	0	6.32829e-05	9.71429e-08	3.14286e-08	4.15914e-05	5.71429e-09	2.70857e-06	2.70571e-06
3	300	0.0184432	0	6.33229e-05	9.42857e-08	3.42857e-08	4.16543e-05	5.71429e-09	2.7e-06	2.72571e-06
3	300	0.018413	0	6.31543e-05	9.42857e-08	3.42857e-08	4.15257e-05	5.71429e-09	2.72571e-06	2.72571e-06
3	300	0.0184277	0	6.33314e-05	9.42857e-08	3.14286e-08	4.16e-05	5.71429e-09	2.72286e-06	2.68286e-06
3	300	0.0184378	0	6.33229e-05	9.71429e-08	3.42857e-08	4.15857e-05	5.71429e-09	2.70857e-06	2.70571e-06
3	300	0.0184309	0	6.32543e-05	9.14286e-08	3.42857e-08	4.16029e-05	5.71429e-09	2.7e-06	2.70857e-06
3	300	0.0184327	0	6.32886e-05	9.42857e-08	3.14286e-08	4.15457e-05	5.71429e-09	2.69143e-06	2.71429e-06
4	400	0.0199936	0	7.14114e-05	9.71429e-08	9.42857e-08	4.58257e-05	5.71429e-09	2.99714e-06	2.9e-06
4	400	0.0199816	0	7.12771e-05	8.85714e-08	5.71429e-08	4.58571e-05	5.71429e-09	3.01714e-06	2.91714e-06
4	400	0.0199762	0	7.13886e-05	1e-07	9.14286e-08	4.57286e-05	5.71429e-09	2.99143e-06	2.89429e-06
4	400	0.0199714	0	7.13143e-05	9.42857e-08	8.85714e-08	4.57743e-05	5.71429e-09	3.02571e-06	2.87714e-06
4	400	0.0199709	0	7.12343e-05	9.42857e-08	6e-08	4.59e-05	5.71429e-09	3.02286e-06	2.90857e-06
4	400	0.0199656	0	7.12914e-05	8.85714e-08	5.71429e-08	4.58114e-05	5.71429e-09	3.01714e-06	2.92286e-06
4	400	0.0200013	0	7.13771e-05	9.14286e-08	9.14286e-08	4.58143e-05	5.71429e-09	3.02857e-06	2.88857e-06
4	400	0.0199624	0	7.12543e-05	9.14286e-08	9.14286e-08	4.58629e-05	5.71429e-09	3e-06	2.91143e-06
4	400	0.0199975	0	7.14886e-05	1e-07	9.14286e-08	4.58e-05	5.71429e-09	3.00286e-06	2.89429e-06
4	400	0.0200082	0	7.14514e-05	9.42857e-08	9.14286e-08	4.58143e-05	5.71429e-09	3.03429e-06	2.88286e-06
5	500	0.0215902	0.199601	7.94286e-05	1.08571e-07	2.14286e-07	4.984e-05	5.71429e-09	3.42e-06	3.39429e-06
5	500	0.0215429	0.199601	7.91e-05	1.11429e-07	2.22857e-07	4.97343e-05	2.85714e-09	3.42e-06	3.4e-06
5	500	0.0215426	0.199601	7.91457e-05	1.14286e-07	2.2e-07	4.97657e-05	5.71429e-09	3.4e-06	3.38e-06
5	500	0.0216202	0.199601	7.97257e-05	1e-07	2.14286e-07	4.98114e-05	0	3.42286e-06	3.38857e-06
5	500	0.0215574	0.398406	7.91943e-05	1e-07	1.28571e-07	4.984e-05	0	3.4e-06	3.62286e-06
5	500	0.0215076	0	7.91314e-05	1.17143e-07	2.34286e-07	4.95971e-05	5.71429e-09	3.40286e-06	3.17143e-06
5	500	0.0215859	0.199601	7.94714e-05	1e-07	2.08571e-07	4.97457e-05	2.85714e-09	3.44571e-06	3.4e-06
5	500	0.0215509	0.199601	7.92543e-05	1.05714e-07	1.88571e-07	4.97171e-05	5.71429e-09	3.41429e-06	3.36857e-06
5	500	0.0215094	0.199601	7.90514e-05	1.08571e-07	2.14286e-07	4.97229e-05	5.71429e-09	3.39714e-06	3.39143e-06
5	500	0.021608	0.199601	7.95714e-05	9.71429e-08	2.14286e-07	4.97771e-05	2.85714e-09	3.42e-06	3.41143e-06
6	600	0.0250407	0.332226	9.97743e-05	1.34286e-07	3e-07	6.02314e-05	2.85714e-09	4.02571e-06	4.12571e-06
6	600	0.0248988	0	9.95429e-05	1.28571e-07	3.34286e-07	6.03143e-05	2.85714e-09	3.95429e-06	3.56286e-06
6	600	0.0250954	0.332226	0.000100323	1.31429e-07	2.65714e-07	6.03886e-05	5.71429e-09	4.02e-06	4.12e-06
6	600	0.0250277	0.166389	9.97514e-05	1.31429e-07	2.82857e-07	6.05229e-05	2.85714e-09	4.06571e-06	3.88e-06
6	600	0.0249074	0.332226	9.95457e-05	1.25714e-07	2.85714e-07	6.03629e-05	0	4.05429e-06	4.09429e-06
6	600	0.0249775	0.166389	9.91629e-05	1.37143e-07	2.97143e-07	6.01143e-05	2.85714e-09	4.00571e-06	3.81714e-06
6	600	0.0250912	0.166389	0.000100526	1.37143e-07	3.02857e-07	6.05943e-05	2.85714e-09	4.03429e-06	3.79143e-06
6	600	0.0250098	0.332226	0.00010064	1.22857e-07	2.65714e-07	6.05229e-05	0	3.99429e-06	4e-06
6	600	0.0249462	0.332226	9.99314e-05	1.25714e-07	2.65714e-07	6.05657e-05	2.85714e-09	3.98e-06	4.08857e-06
6	600	0.0250289	0.332226	9.92714e-05	1.34286e-07	2.02857e-07	6.03314e-05	0	4.04571e-06	4.10857e-06
7	700	0.0298403	0.426743	0.000130009	1.6e-07	2.25714e-07	7.56971e-05	0	4.77714e-06	4.79714e-06
7	700	0.0299404	0.568182	0.000129769	1.34286e-07	3.62857e-07	7.542e-05	2.85714e-09	4.79429e-06	5.15143e-06
7	700	0.0298726	0.426743	0.000129671	1.54286e-07	2.82857e-07	7.55886e-05	2.85714e-09	4.79429e-06	5.35714e-06
7	700	0.0298309	0.2849	0.00012916	1.42857e-07	3.57143e-07	7.53457e-05	2.85714e-09	4.80571e-06	4.83143e-06
7	700	0.0301102	0.568182	0.000129154	1.42857e-07	2.54286e-07	7.52057e-05	2.85714e-09	4.72286e-06	5.28286e-06
7	700	0.0299787	0.849858	0.000129063	1.42857e-07	2.42857e-07	7.57229e-05	2.85714e-09	4.79429e-06	5.69143e-06
7	700	0.0299632	0.568182	0.00013004	1.45714e-07	2.77143e-07	7.54943e-05	0	4.74571e-06	5.23714e-06
7	700	0.0300293	0.568182	0.000129586	1.6e-07	2.17143e-07	7.55943e-05	2.85714e-09	4.81429e-06	5.46857e-06
7	700	0.0299904	0.2849	0.000130109	1.6e-07	3.05714e-07	7.57914e-05	2.85714e-09	4.77714e-06	4.62571e-06
7	700	0.0297979	0.426743	0.000129417	1.42857e-07	2.51429e-07	7.556e-05	2.85714e-09	4.74e-06	4.58286e-06
8	800	0.0335767	0.497512	0.000149546	1.42857e-07	3.82857e-07	8.58143e-05	0	5.58857e-06	5.89714e-06
8	800	0.0334976	0.373599	0.000150149	1.14286e-07	2.77143e-07	8.61943e-05	0	5.56857e-06	5.7e-06
8	800	0.0334495	0.249377	0.000149343	1.48571e-07	4.14286e-07	8.57086e-05	0	5.64e-06	5.27143e-06
8	800	0.0334468	0.373599	0.000149583	1.28571e-07	3.45714e-07	8.59286e-05	0	5.58e-06	5.42286e-06
8	800	0.033424	0.373599	0.000149789	1.4e-07	3.74286e-07	8.58629e-05	0	5.61143e-06	5.64571e-06
8	800	0.0334353	0.124844	0.000149354	1.42857e-07	3.22857e-07	8.56171e-05	0	5.57714e-06	5.05714e-06
8	800	0.0333825	0.497512	0.0001491	1.48571e-07	3.05714e-07	8.58e-05	2.85714e-09	5.61143e-06	5.62857e-06
8	800	0.0334283	0.373599	0.0001499	1.45714e-07	5.02857e-07	8.58257e-05	0	5.61143e-06	5.39714e-06
8	800	0.0333355	0.249377	0.00014904	1.34286e-07	3.08571e-07	8.57286e-05	0	5.56286e-06	5.22857e-06
8	800	0.0335415	0.497512	0.000150189	1.28571e-07	4.4e-07	8.59286e-05	0	5.59429e-06	5.82e-06
9	900	0.0378646	0.881057	0.000174857	1.88571e-07	5.28571e-07	9.81229e-05	2.85714e-09	6.49143e-06	7.65714e-06
9	900	0.0378552	1.0989	0.000174483	1.94286e-07	3.94286e-07	9.82314e-05	2.85714e-09	6.47714e-06	8.38286e-06
9	900	0.0376525	0.771775	0.000174494	1.77143e-07	4.57143e-07	9.82714e-05	0	6.52e-06	7.44286e-06
9	900	0.0376158	0.552486	0.000174194	1.68571e-07	3.8e-07	9.83029e-05	0	6.46571e-06	6.53429e-06
9	900	0.0378952	0.771775	0.000174626	1.88571e-07	4.77143e-07	9.82714e-05	0	6.46571e-06	7.50286e-06
9	900	0.0377971	0.881057	0.000174323	1.71429e-07	4.6e-07	9.80457e-05	0	6.48286e-06	7.07143e-06
9	900	0.0378093	0.881057	0.000174357	1.8e-07	5.65714e-07	9.788e-05	0	6.53714e-06	7.63714e-06
9	900	0.0378504	1.20746	0.000174886	1.85714e-07	3.31429e-07	9.81857e-05	0	6.44571e-06	8.37429e-06
9	900	0.0375919	0.332226	0.000174271	1.65714e-07	6.45714e-07	9.77257e-05	0	6.48571e-06	6.24857e-06
9	900	0.0378383	1.0989	0.0001743	1.82857e-07	5.54286e-07	9.80114e-05	0	6.52e-06	8.07143e-06
10	1000	0.0419895	0.990099	0.000198506	1.97143e-07	8.42857e-07	0.00011002	0	7.42571e-06	8.43143e-06
10	1000	0.0420661	1.47783	0.000198291	2.17143e-07	6.74286e-07	0.000110211	2.85714e-09	7.37429e-06	1.07314e-05
10	1000	0.0422715	1.28332	0.000198391	2.2e-07	7.85714e-07	0.000110331	0	7.41714e-06	9.40286e-06
10	1000	0.0421483	1.38067	0.000198451	2.11429e-07	5.22857e-07	0.000110423	2.85714e-09	7.41714e-06	9.91714e-06
10	1000	0.0420811	1.18577	0.000198789	2.14286e-07	6.45714e-07	0.000110686	0	7.43714e-06	9.40286e-06
10	1000	0.0420562	0.891972	0.000199271	2.11429e-07	6.48571e-07	0.000110437	0	7.43714e-06	8.96286e-06
10	1000	0.0422316	1.38067	0.00019862	2.08571e-07	7.42857e-07	0.000110111	5.71429e-09	7.42286e-06	9.39143e-06
10	1000	0.042173	1.47783	0.000199266	2.2e-07	6.77143e-07	0.000110629	0	7.44571e-06	9.78857e-06
10	1000	0.0420967	1.28332	0.000199374	2.05714e-07	6.71429e-07	0.000110109	0	7.37714e-06	9.28571e-06
10	1000	0.0420855	1.08803	0.000198811	2.17143e-07	6.08571e-07	0.0001104	2.85714e-09	7.39429e-06	9.10857e-06
11	1100	0.0501297	1.61002	0.000243317	2.31429e-07	1.01143e-06	0.000131777	0	8.38286e-06	1.17857e-05
11	1100	0.0502428	1.78571	0.00024336	2.34286e-07	1.00857e-06	0.000131949	0	8.38286e-06	1.25257e-05
11	1100	0.0502558	1.61002	0.000243663	2.28571e-07	6.88571e-07	0.000132146	0	8.38286e-06	1.29914e-05
11	1100	0.0499614	1.34529	0.000243126	2.42857e-07	1.00286e-06	0.000131849	2.85714e-09	8.38286e-06	1.07771e-05
11	1100	0.0500904	1.34529	0.000243286	2.42857e-07	9.74286e-07	0.000131894	0	8.38571e-06	1.14e-05
11	1100	0.0500133	1.69794	0.000243897	2.45714e-07	8.74286e-07	0.000132051	0	8.37143e-06	1.14629e-05
11	1100	0.0501374	1.34529	0.000243249	2.22857e-07	8.57143e-07	0.000131886	2.85714e-09	8.36857e-06	1.18314e-05
11	1100	0.0499423	1.69794	0.000242783	2.4e-07	8.08571e-07	0.000131871	0	8.35429e-06	1.30429e-05
11	1100	0.0501295	1.78571	0.000243189	2.25714e-07	1.06571e-06	0.000131829	0	8.34e-06	1.18229e-05
11	1100	0.0502207	1.78571	0.000243643	2.48571e-07	7.11429e-07	0.000132074	0	8.34e-06	1.30543e-05
12	1200	0.0542577	1.55865	0.000266083	2.4e-07	1.21429e-06	0.000142494	0	9.25143e-06	1.37286e-05
12	1200	0.0537562	1.23457	0.000266109	2.45714e-07	1.43429e-06	0.000142534	0	9.28e-06	1.14486e-05
12	1200	0.0541459	1.47783	0.000266077	2.42857e-07	1.25143e-06	0.000142651	5.71429e-08	9.29429e-06	1.23257e-05
12	1200	0.0542822	1.63934	0.000266083	2.28571e-07	9.71429e-07	0.000142914	0	9.17714e-06	1.38029e-05
12	1200	0.0542231	1.47783	0.000265803	2.2e-07	1.12286e-06	0.000143063	0	9.23429e-06	1.29629e-05
12	1200	0.0543389	1.88062	0.00026626	2.57143e-07	1.03429e-06	0.000143094	0	9.28857e-06	1.40086e-05
12	1200	0.0542765	1.7199	0.000266249	2.48571e-07	1.2e-06	0.000143003	0	9.22286e-06	1.42657e-05
12	1200	0.0542907	1.63934	0.000266146	2.45714e-07	9.8e-07	0.000143209	0	9.24286e-06	1.358e-05
12	1200	0.0540463	1.88062	0.000265891	2.31429e-07	9.22857e-07	0.000142977	0	9.23429e-06	1.44686e-05
12	1200	0.0541693	1.23457	0.000266471	2.45714e-07	9.94286e-07	0.000143214	0	9.25429e-06	1.294e-05
