N_THREADS	N_TRANSACTIONS	TIME	N_ABORTS	PROCESS_READ_TIME	PROCESS_WRITE_TIME	PROCESS_VALIDATION_TIME	PROCESS_OTHER_TIME	COMMIT_VALIDATION_TIME	COMMIT_OTHER_TIME	WASTED_TIME
1	1000	1.46201	0	0.000398197	0.000180234	0	0.000761583	6.51429e-07	0.000112194	2.48857e-06	1.56
1	1000	1.462	0	0.000398166	0.000180194	0	0.000761617	6.54286e-07	0.000112223	2.48857e-06	1.55
1	1000	1.46197	0	0.00039816	0.000180231	0	0.000761543	6.51429e-07	0.000112234	2.48857e-06	1.55
1	1000	1.46194	0	0.000398234	0.000180191	0	0.000761549	6.54286e-07	0.000112174	2.48e-06	1.55
1	1000	1.46193	0	0.000398049	0.00018026	0	0.00076154	6.54286e-07	0.000112271	2.49143e-06	1.55
1	1000	1.46198	0	0.000398163	0.000180203	0	0.000761609	6.51429e-07	0.0001122	2.48571e-06	1.56
1	1000	1.46198	0	0.000398217	0.000180191	0	0.000761574	6.51429e-07	0.000112203	2.48857e-06	1.55
1	1000	1.46204	0	0.000398249	0.000180226	0	0.000761589	6.48571e-07	0.00011218	2.49429e-06	1.55
1	1000	1.462	0	0.000398134	0.000180209	0	0.000761657	6.54286e-07	0.0001122	2.48571e-06	1.56
1	1000	1.46207	0	0.000398254	0.000180229	0	0.000761563	6.54286e-07	0.000112217	2.5e-06	1.55
2	2000	1.61499	1.9127	0.000416094	0.000187217	1.48571e-06	0.000767797	8.04114e-05	0.000118134	3.18e-05	1.71
2	2000	1.625	2.39141	0.000416383	0.000186683	1.34857e-06	0.00076802	7.98143e-05	0.00011884	3.94914e-05	1.72
2	2000	1.6287	2.00882	0.000416017	0.000187234	1.22857e-06	0.000767963	7.94543e-05	0.000118017	3.274e-05	1.73
2	2000	1.63729	2.15264	0.000416177	0.000187023	1.16857e-06	0.000767994	7.88486e-05	0.000118391	3.44657e-05	1.73
2	2000	1.62883	2.20049	0.000415931	0.000187097	1.34e-06	0.000767926	7.99086e-05	0.000118494	3.66143e-05	1.72
2	2000	1.62916	2.20049	0.000416089	0.000187289	1.31143e-06	0.000768057	7.98657e-05	0.000118477	3.66229e-05	1.72
2	2000	1.6222	2.39141	0.000416506	0.000186763	1.34e-06	0.000768014	7.97943e-05	0.000118971	3.802e-05	1.72
2	2000	1.63213	2.20049	0.000416226	0.00018742	1.34e-06	0.000767974	7.96514e-05	0.00011866	3.64971e-05	1.72
2	2000	1.63041	2.15264	0.000416017	0.000187266	1.37143e-06	0.000767974	7.98971e-05	0.000118366	3.58771e-05	1.72
2	2000	1.63716	2.10475	0.000416154	0.000187026	1.19143e-06	0.000768003	7.88829e-05	0.000118323	3.43457e-05	1.73
3	3000	1.70884	3.96927	0.000439614	0.000195377	2.14286e-06	0.00077708	8.54943e-05	0.000127877	6.51629e-05	1.81
3	3000	1.74113	5.03324	0.000440446	0.000195031	2.01429e-06	0.000777103	8.482e-05	0.000128809	8.092e-05	1.84
3	3000	1.72233	4.4586	0.000440037	0.000195034	2.12857e-06	0.00077698	8.54e-05	0.000128029	7.27714e-05	1.82
3	3000	1.73728	4.18397	0.000439349	0.000194897	2.28e-06	0.000776606	8.50686e-05	0.000128337	6.78029e-05	1.83
3	3000	1.70967	3.56798	0.000440186	0.000195217	2.13143e-06	0.000777114	8.55514e-05	0.000128514	5.92314e-05	1.80
3	3000	1.72329	3.72272	0.000439883	0.000195206	2.25714e-06	0.000776909	8.54571e-05	0.000127909	6.13543e-05	1.82
3	3000	1.7143	3.84615	0.000439517	0.000195406	2.26857e-06	0.000777011	8.54429e-05	0.000127697	6.352e-05	1.81
3	3000	1.70444	3.66089	0.000439763	0.000195517	2.39714e-06	0.00077688	8.57457e-05	0.000128177	6.01086e-05	1.80
3	3000	1.72396	4.67112	0.000440174	0.000194883	2.19143e-06	0.000777063	8.57771e-05	0.00012846	7.78086e-05	1.82
3	3000	1.73006	4.82234	0.00044088	0.000194786	1.88571e-06	0.000777606	8.52914e-05	0.0001293	7.99914e-05	1.83
4	4000	1.84101	5.57129	0.000480069	0.000209369	3.45429e-06	0.000795251	9.25629e-05	0.000144803	9.78e-05	1.93
4	4000	1.86363	5.88235	0.00048162	0.000208337	3.52571e-06	0.000795686	9.28514e-05	0.000146677	0.000103117	1.96
4	4000	1.88097	6.93346	0.000485354	0.000207046	2.98e-06	0.000797877	9.38543e-05	0.000149846	0.000123994	1.97
4	4000	1.85789	5.83804	0.000481509	0.000209449	3.32286e-06	0.000795991	9.28371e-05	0.000146017	0.000103609	1.95
4	4000	1.86945	6.58571	0.000484474	0.00020744	2.92571e-06	0.0007977	9.36229e-05	0.000149346	0.000116217	1.96
4	4000	1.86468	5.7715	0.000483311	0.00020742	2.84571e-06	0.000797106	9.37257e-05	0.000147997	0.000101611	1.96
4	4000	1.88934	6.67289	0.000484666	0.000206357	2.6e-06	0.000797974	9.37686e-05	0.000149977	0.000117189	1.98
4	4000	1.86666	6.36704	0.000483003	0.00020768	3.31714e-06	0.000796514	9.31971e-05	0.000147954	0.000110889	1.97
4	4000	1.85327	5.79369	0.00047988	0.000209331	3.56e-06	0.000795271	9.24743e-05	0.000145251	0.000100203	1.94
4	4000	1.86739	6.16936	0.000481297	0.00020872	3.18857e-06	0.000795926	9.29914e-05	0.000146014	0.000108746	1.96
5	5000	2.04915	7.86807	0.000541131	0.000231957	4.95143e-06	0.000821797	0.000104197	0.000170063	0.000150386	2.15
5	5000	2.04987	7.39026	0.000542306	0.000229857	4.54857e-06	0.000822634	0.000105251	0.000172546	0.000141397	2.15
5	5000	2.03938	7.04592	0.000541546	0.000230426	5.12857e-06	0.000821686	0.000104883	0.000171391	0.000133431	2.13
5	5000	2.02716	7.45882	0.000534431	0.000234191	6.27714e-06	0.000817526	0.000101229	0.000163526	0.000138969	2.12
5	5000	2.05181	7.76609	0.000540703	0.000230329	4.88857e-06	0.00082152	0.000104586	0.000170589	0.000147586	2.15
5	5000	2.05511	7.93592	0.000541257	0.000230963	4.86286e-06	0.000821909	0.000104774	0.000171094	0.000152289	2.15
5	5000	2.02971	7.27003	0.000536437	0.000233191	5.66e-06	0.000819126	0.000102463	0.000166231	0.000136251	2.13
5	5000	2.07362	8.24004	0.000543794	0.000229674	4.32571e-06	0.000823626	0.000105686	0.000173649	0.000158146	2.17
5	5000	2.0395	7.61271	0.00053948	0.000231194	5.34857e-06	0.000820551	0.000103691	0.000169077	0.000143694	2.13
5	5000	2.05178	7.90201	0.000538249	0.00023178	5.48857e-06	0.000820077	0.000103277	0.000168126	0.000152263	2.15
6	6000	2.28488	8.96677	0.000614366	0.000265906	7.90857e-06	0.00085136	0.000115846	0.000194543	0.000189986	2.39
6	6000	2.3001	9.81512	0.000614771	0.000263306	6.98286e-06	0.000852383	0.000116866	0.000196411	0.000208417	2.39
6	6000	2.27923	9.13221	0.00061754	0.000263786	7.40857e-06	0.000853106	0.00011766	0.00019856	0.000193754	2.38
6	6000	2.27229	8.81459	0.000614609	0.0002648	7.42571e-06	0.000851986	0.00011658	0.000196071	0.000187834	2.37
6	6000	2.28948	9.28334	0.00061524	0.000263503	7.31714e-06	0.000852511	0.000117383	0.00019732	0.000196363	2.38
6	6000	2.27082	8.98058	0.000615574	0.000264089	7.56e-06	0.000852189	0.000117097	0.000196869	0.00018844	2.37
6	6000	2.26684	8.78687	0.000615097	0.000265426	8.03714e-06	0.000851363	0.000116649	0.000195494	0.000185977	2.37
6	6000	2.28717	9.00819	0.000618997	0.00026154	6.33429e-06	0.000854691	0.000119134	0.00020044	0.000190357	2.38
6	6000	2.28172	9.58409	0.000614117	0.000264637	7.52857e-06	0.00085168	0.000116303	0.000195114	0.000201577	2.37
6	6000	2.27676	8.93914	0.000612614	0.000265514	7.78571e-06	0.000850874	0.000115314	0.000193774	0.000189029	2.37
7	7000	2.58415	11.0998	0.000713003	0.000304654	9.62286e-06	0.000891949	0.00013414	0.000231834	0.000264986	2.69
7	7000	2.56554	10.1758	0.000707483	0.000309131	1.15114e-05	0.000888206	0.000130883	0.000225406	0.0002412	2.66
7	7000	2.55652	10.2794	0.000710174	0.000308229	1.03314e-05	0.000890677	0.000132077	0.000228343	0.000241903	2.65
7	7000	2.58145	10.9755	0.000707006	0.000305766	1.02371e-05	0.000889511	0.000131969	0.000227409	0.000259009	2.68
7	7000	2.57779	10.566	0.000713189	0.000303606	9.94e-06	0.00089154	0.000134503	0.000232363	0.0002505	2.67
7	7000	2.59203	11.1562	0.000713743	0.000304451	9.78571e-06	0.000892229	0.000134517	0.000232049	0.000266437	2.69
7	7000	2.56894	10.4859	0.000710031	0.000306637	1.00886e-05	0.000890534	0.000132651	0.000229406	0.000247509	2.66
7	7000	2.61165	11.426	0.000711131	0.000303923	1.01857e-05	0.000890477	0.000133651	0.000231054	0.000272626	2.71
7	7000	2.57652	10.8848	0.000707457	0.000306486	1.00571e-05	0.000889754	0.000131817	0.000227446	0.000256517	2.68
7	7000	2.59253	11.1788	0.000714909	0.000301586	9.38857e-06	0.00089288	0.000135894	0.00023516	0.000265649	2.69
8	8000	2.90307	11.7874	0.000817989	0.000355466	1.33514e-05	0.00093376	0.000150249	0.000265257	0.000310917	3.01
8	8000	2.90184	11.904	0.000819317	0.000356771	1.458e-05	0.00093306	0.000149997	0.000264883	0.000315274	3.00
8	8000	2.93533	12.597	0.000822109	0.000349283	1.30029e-05	0.000935549	0.000153686	0.000271794	0.000336669	3.03
8	8000	2.93163	12.6065	0.000821857	0.000349317	1.176e-05	0.000936726	0.000153711	0.000271751	0.000338389	3.03
8	8000	2.91631	12.1941	0.0008202	0.00035496	1.39229e-05	0.000934346	0.000150966	0.000266823	0.00032648	3.02
8	8000	2.91454	12.1748	0.000817917	0.000351397	1.314e-05	0.00093402	0.000152014	0.000267951	0.000322723	3.01
8	8000	2.89475	11.6803	0.000819486	0.000355966	1.41314e-05	0.000933986	0.000150643	0.000266509	0.000312317	2.99
8	8000	2.89637	11.6803	0.00081946	0.000352463	1.37829e-05	0.000933677	0.000152049	0.000268143	0.000308351	2.99
8	8000	2.91701	12.1555	0.000820891	0.000353897	1.31971e-05	0.000935117	0.000151714	0.000267923	0.000324163	3.01
8	8000	2.91168	11.612	0.000818343	0.000352963	1.45e-05	0.000932549	0.00015098	0.000267009	0.000306374	3.00
9	9000	3.30339	13.6939	0.000939883	0.000396369	1.55229e-05	0.000982637	0.00017542	0.000315194	0.000411149	3.41
9	9000	3.29136	13.7187	0.000939274	0.00040052	1.714e-05	0.000980886	0.000173337	0.000311783	0.000410229	3.39
9	9000	3.27429	13.2697	0.000937774	0.000408169	1.812e-05	0.000979789	0.000170603	0.00030668	0.000395337	3.37
9	9000	3.30287	13.3782	0.000938603	0.000407954	1.76486e-05	0.00098036	0.000170486	0.00030652	0.000400426	3.40
9	9000	3.29228	13.7601	0.000941617	0.000403746	1.68114e-05	0.00098226	0.000173049	0.000311154	0.00041148	3.39
9	9000	3.31465	14.0319	0.000941037	0.000399114	1.60029e-05	0.000982551	0.000174831	0.000313846	0.00042306	3.41
9	9000	3.30381	13.6608	0.000939914	0.000399203	1.594e-05	0.000982171	0.000174029	0.00031306	0.000407306	3.40
9	9000	3.303	13.6111	0.00093714	0.000403446	1.69914e-05	0.000980197	0.000171726	0.000308726	0.000406457	3.40
9	9000	3.30898	13.9003	0.000937983	0.000402566	1.618e-05	0.000981806	0.000172683	0.000310629	0.00041666	3.41
9	9000	3.28168	13.4033	0.000940286	0.00040584	1.74e-05	0.000981223	0.000172049	0.000309506	0.000403223	3.38
10	10000	3.69145	14.7921	0.0010616	0.000461849	2.08657e-05	0.00102954	0.000191834	0.00034932	0.000493734	3.79
10	10000	3.71565	15.7753	0.0010635	0.000451237	1.88971e-05	0.00103176	0.000195911	0.000356731	0.000530977	3.82
10	10000	3.71518	15.4048	0.00106228	0.000459089	2.012e-05	0.00103045	0.000193183	0.000352217	0.000514711	3.81
10	10000	3.66525	14.4641	0.00106493	0.000462974	2.21571e-05	0.00102931	0.000192191	0.000350374	0.000480829	3.76
10	10000	3.70319	14.7921	0.00106259	0.000458046	2.09314e-05	0.00102963	0.00019324	0.0003524	0.000495066	3.81
10	10000	3.70828	15.4334	0.00106044	0.0004539	1.97e-05	0.00103009	0.000194017	0.000353197	0.000516103	3.81
10	10000	3.70602	15.3332	0.00106117	0.000460703	2.06029e-05	0.00102976	0.000192083	0.0003503	0.000511686	3.80
10	10000	3.66606	14.4348	0.00106289	0.000458763	2.038e-05	0.00103066	0.000193763	0.000353106	0.000483369	3.76
10	10000	3.6851	14.9153	0.00106309	0.000461083	2.04914e-05	0.00103023	0.000192446	0.000350334	0.000496446	3.78
10	10000	3.70397	15.3762	0.00106344	0.00045576	2.03286e-05	0.00103076	0.000194729	0.000354891	0.000517723	3.81
11	11000	4.13545	16.9561	0.00119075	0.000516034	2.43771e-05	0.00108051	0.000214754	0.000395977	0.000633051	4.24
11	11000	4.13028	16.5465	0.00118878	0.000517046	2.50286e-05	0.0010788	0.000213629	0.000393914	0.000615946	4.23
11	11000	4.11989	16.2479	0.00119062	0.000511714	2.37971e-05	0.00108041	0.000216049	0.000398017	0.000603874	4.22
11	11000	4.12348	16.3943	0.00119189	0.000512583	2.40114e-05	0.00108101	0.000216377	0.000398969	0.000609549	4.23
11	11000	4.12347	16.6288	0.00119114	0.00051608	2.53286e-05	0.00107884	0.000214269	0.000394669	0.000622071	4.23
11	11000	4.10251	16.3816	0.00119182	0.000520671	2.52086e-05	0.00107993	0.000213666	0.000393783	0.000609474	4.20
11	11000	4.11284	15.7798	0.00118638	0.00052186	2.72114e-05	0.00107571	0.000211106	0.000389446	0.000583017	4.21
11	11000	4.1012	16.0434	0.00119134	0.000521609	2.72457e-05	0.00107738	0.000212637	0.000391957	0.000598351	4.20
11	11000	4.12128	16.5592	0.00119293	0.000517463	2.512e-05	0.00108038	0.000214914	0.000396257	0.000617666	4.22
11	11000	4.11577	16.3307	0.00118587	0.000515563	2.52543e-05	0.00107692	0.000212726	0.000392266	0.000605334	4.22
12	12000	4.57519	18.1279	0.00131746	0.000576177	3.00171e-05	0.00112863	0.000234614	0.000436274	0.000748157	4.69
12	12000	4.52275	17.3781	0.00132027	0.000576334	2.99371e-05	0.00112937	0.000235369	0.000437794	0.000706891	4.63
12	12000	4.54495	17.5258	0.00131497	0.000571094	2.85514e-05	0.00112903	0.000236109	0.00043886	0.000718014	4.65
12	12000	4.55591	17.6503	0.00132145	0.000574471	3.02486e-05	0.00112941	0.000235966	0.000439149	0.000724677	4.66
12	12000	4.56605	17.915	0.00132051	0.000570489	2.906e-05	0.00113014	0.00023728	0.000441054	0.000734983	4.67
12	12000	4.58097	18.3118	0.00131685	0.000571771	2.92371e-05	0.00112895	0.00023584	0.00043874	0.000755346	4.68
12	12000	4.53122	17.4691	0.00131912	0.000576091	3.09714e-05	0.00112757	0.000234703	0.000436771	0.000711666	4.63
12	12000	4.53121	17.4293	0.00131697	0.000575331	3.08943e-05	0.00112665	0.000234	0.00043534	0.000709589	4.63
12	12000	4.53674	17.5484	0.00131764	0.000573806	2.97e-05	0.00112855	0.000235623	0.000437849	0.000717174	4.64
12	12000	4.55952	18.0328	0.00131837	0.000568783	2.73371e-05	0.00113155	0.000237974	0.000441994	0.000744534	4.66
