N_THREADS	N_TRANSACTIONS	TIME	N_ABORTS	PROCESS_READ_TIME	PROCESS_WRITE_TIME	PROCESS_VALIDATION_TIME	PROCESS_OTHER_TIME	COMMIT_VALIDATION_TIME	COMMIT_OTHER_TIME	WASTED_TIME
1	1000	0.206555	0	2.07829e-05	2.20943e-05	0	2.30686e-05	6.57143e-07	2.57829e-05	2.48857e-06	0.29
1	1000	0.206534	0	2.07657e-05	2.20771e-05	0	2.30829e-05	6.62857e-07	2.57829e-05	2.47429e-06	0.27
1	1000	0.206548	0	2.07857e-05	2.20743e-05	0	2.30743e-05	6.57143e-07	2.57857e-05	2.48286e-06	0.27
1	1000	0.206558	0	2.07971e-05	2.20829e-05	0	2.306e-05	6.6e-07	2.57771e-05	2.48857e-06	0.27
1	1000	0.206551	0	2.07914e-05	2.20857e-05	0	2.30571e-05	6.6e-07	2.57829e-05	2.48857e-06	0.27
1	1000	0.206536	0	2.07886e-05	2.208e-05	0	2.30571e-05	6.6e-07	2.578e-05	2.48571e-06	0.27
1	1000	0.206548	0	2.07686e-05	2.20829e-05	0	2.30886e-05	6.6e-07	2.57743e-05	2.48571e-06	0.27
1	1000	0.206537	0	2.07657e-05	2.20829e-05	0	2.30771e-05	6.6e-07	2.578e-05	2.48286e-06	0.27
1	1000	0.206575	0	2.07886e-05	2.20771e-05	0	2.30857e-05	6.54286e-07	2.57971e-05	2.48571e-06	0.27
1	1000	0.206539	0	2.078e-05	2.20743e-05	0	2.30771e-05	6.6e-07	2.57771e-05	2.48286e-06	0.27
2	2000	0.207839	0.049975	2.088e-05	2.21343e-05	0	2.33171e-05	7.88571e-07	2.60114e-05	2.56857e-06	0.29
2	2000	0.207787	0.049975	2.08743e-05	2.21343e-05	0	2.33057e-05	7.68571e-07	2.60086e-05	2.56571e-06	0.27
2	2000	0.207774	0.049975	2.088e-05	2.21343e-05	0	2.33029e-05	7.48571e-07	2.59971e-05	2.56857e-06	0.27
2	2000	0.207835	0.049975	2.088e-05	2.21371e-05	0	2.33057e-05	7.74286e-07	2.60171e-05	2.56857e-06	0.27
2	2000	0.207734	0.049975	2.08829e-05	2.21229e-05	0	2.32914e-05	7.4e-07	2.59886e-05	2.57429e-06	0.27
2	2000	0.207895	0.049975	2.09029e-05	2.21543e-05	2.85714e-09	2.33029e-05	7.85714e-07	2.604e-05	2.57143e-06	0.27
2	2000	0.207749	0.049975	2.08857e-05	2.214e-05	2.85714e-09	2.32657e-05	7.88571e-07	2.59743e-05	2.56571e-06	0.27
2	2000	0.207818	0.049975	2.088e-05	2.21371e-05	0	2.33057e-05	7.68571e-07	2.60057e-05	2.56571e-06	0.27
2	2000	0.207759	0.049975	2.08857e-05	2.21371e-05	0	2.32743e-05	7.65714e-07	2.59943e-05	2.56857e-06	0.27
2	2000	0.207833	0.049975	2.09e-05	2.214e-05	2.85714e-09	2.33057e-05	7.6e-07	2.60057e-05	2.57429e-06	0.27
3	3000	0.219394	0.299103	2.18314e-05	2.29171e-05	6.57143e-08	2.40171e-05	7.58286e-06	2.75e-05	2.84571e-06	0.30
3	3000	0.219394	0.23279	2.18629e-05	2.29086e-05	6e-08	2.40114e-05	7.64571e-06	2.74943e-05	2.78571e-06	0.28
3	3000	0.219337	0.332226	2.18114e-05	2.29257e-05	6.57143e-08	2.40229e-05	7.52286e-06	2.74971e-05	2.86e-06	0.28
3	3000	0.219394	0.265957	2.18343e-05	2.29171e-05	6.85714e-08	2.40314e-05	7.58286e-06	2.74857e-05	2.83429e-06	0.28
3	3000	0.219347	0.265957	2.18657e-05	2.29114e-05	6e-08	2.40171e-05	7.58e-06	2.74943e-05	2.8e-06	0.28
3	3000	0.219474	0.299103	2.18629e-05	2.29086e-05	6e-08	2.404e-05	7.56857e-06	2.74914e-05	2.84286e-06	0.28
3	3000	0.219289	0.265957	2.18286e-05	2.292e-05	5.71429e-08	2.402e-05	7.54e-06	2.74714e-05	2.81714e-06	0.28
3	3000	0.21946	0.265957	2.18629e-05	2.29114e-05	6.57143e-08	2.402e-05	7.65143e-06	2.74943e-05	2.83429e-06	0.28
3	3000	0.219547	0.265957	2.18657e-05	2.29171e-05	6e-08	2.402e-05	7.57429e-06	2.74914e-05	2.84286e-06	0.28
3	3000	0.219361	0.23279	2.18486e-05	2.292e-05	6.28571e-08	2.40286e-05	7.56286e-06	2.74914e-05	2.81714e-06	0.28
4	4000	0.226725	1.0146	2.29343e-05	2.43171e-05	5.14286e-08	2.53029e-05	8.14e-06	2.87e-05	3.76571e-06	0.30
4	4000	0.22716	1.23457	2.30571e-05	2.44086e-05	5.71429e-08	2.53629e-05	8.07143e-06	2.87114e-05	3.94286e-06	0.29
4	4000	0.226885	1.08803	2.29971e-05	2.43857e-05	4.57143e-08	2.53514e-05	8.11429e-06	2.87457e-05	3.80857e-06	0.29
4	4000	0.227339	1.23457	2.30943e-05	2.44229e-05	6e-08	2.53343e-05	8.04e-06	2.87143e-05	4.00286e-06	0.29
4	4000	0.226678	1.0146	2.30171e-05	2.43629e-05	6e-08	2.532e-05	8.12571e-06	2.87114e-05	3.76571e-06	0.29
4	4000	0.227888	1.67158	2.30629e-05	2.446e-05	4.85714e-08	2.53743e-05	7.93714e-06	2.88771e-05	4.37429e-06	0.29
4	4000	0.227794	1.47783	2.30114e-05	2.44e-05	4.28571e-08	2.536e-05	8.06e-06	2.878e-05	4.2e-06	0.29
4	4000	0.227699	1.67158	2.30771e-05	2.44371e-05	5.71429e-08	2.53857e-05	8e-06	2.88086e-05	4.43143e-06	0.29
4	4000	0.227004	1.13693	2.30486e-05	2.43971e-05	5.71429e-08	2.53171e-05	8.12571e-06	2.87314e-05	3.92857e-06	0.29
4	4000	0.226663	0.94106	2.30629e-05	2.44143e-05	5.42857e-08	2.53371e-05	8.13143e-06	2.87457e-05	3.69429e-06	0.29
5	5000	0.238984	2.01842	2.49029e-05	2.66457e-05	6.28571e-08	2.738e-05	8.75714e-06	3.16657e-05	5.06286e-06	0.32
5	5000	0.238577	1.74887	2.49e-05	2.65171e-05	6e-08	2.72886e-05	8.81429e-06	3.14886e-05	4.84e-06	0.30
5	5000	0.238427	1.80676	2.476e-05	2.64743e-05	5.42857e-08	2.73e-05	8.85714e-06	3.15629e-05	4.86571e-06	0.30
5	5000	0.238685	2.01842	2.48657e-05	2.65457e-05	6.85714e-08	2.73e-05	8.78286e-06	3.16143e-05	5.11143e-06	0.30
5	5000	0.24029	2.22917	2.49829e-05	2.67886e-05	7.14286e-08	2.74343e-05	8.73714e-06	3.18257e-05	5.36857e-06	0.30
5	5000	0.238661	1.92232	2.48886e-05	2.656e-05	8e-08	2.73143e-05	8.76857e-06	3.15886e-05	5.02286e-06	0.30
5	5000	0.24002	2.24829	2.49943e-05	2.67486e-05	6.57143e-08	2.74343e-05	8.74286e-06	3.17543e-05	5.42286e-06	0.30
5	5000	0.238773	2.01842	2.49086e-05	2.66e-05	8e-08	2.73114e-05	8.78e-06	3.168e-05	5.03429e-06	0.30
5	5000	0.239954	2.47708	2.49857e-05	2.664e-05	8e-08	2.73514e-05	8.74286e-06	3.166e-05	5.65714e-06	0.30
5	5000	0.239505	2.07599	2.48971e-05	2.65457e-05	7.42857e-08	2.72971e-05	8.78e-06	3.15971e-05	5.22571e-06	0.30
6	6000	0.257679	3.10078	2.79629e-05	3.022e-05	9.42857e-08	3.04829e-05	9.73714e-06	3.61171e-05	7.05143e-06	0.35
6	6000	0.256837	2.83401	2.77886e-05	2.99086e-05	1.02857e-07	3.02743e-05	9.82571e-06	3.58771e-05	6.76286e-06	0.32
6	6000	0.258795	3.36608	2.81e-05	3.03629e-05	1e-07	3.056e-05	9.72571e-06	3.636e-05	7.41429e-06	0.33
6	6000	0.257429	2.99111	2.77886e-05	2.99857e-05	9.71429e-08	3.02857e-05	9.77143e-06	3.58486e-05	6.92857e-06	0.32
6	6000	0.257359	2.95973	2.79229e-05	3.01371e-05	1.02857e-07	3.04257e-05	9.75143e-06	3.60314e-05	6.87714e-06	0.32
6	6000	0.259066	2.92833	2.81171e-05	3.04457e-05	9.14286e-08	3.05943e-05	9.77143e-06	3.632e-05	6.88e-06	0.33
6	6000	0.257691	3.05381	2.79486e-05	3.01657e-05	1.02857e-07	3.04629e-05	9.74286e-06	3.60743e-05	7.02857e-06	0.32
6	6000	0.256992	2.92833	2.78343e-05	2.99543e-05	1.08571e-07	3.03171e-05	9.71714e-06	3.58143e-05	6.79714e-06	0.32
6	6000	0.256627	2.77103	2.78257e-05	3.00514e-05	8e-08	3.04086e-05	9.75429e-06	3.60057e-05	6.59429e-06	0.32
6	6000	0.257926	3.1477	2.79743e-05	3.01829e-05	1e-07	3.04286e-05	9.78e-06	3.60914e-05	7.21714e-06	0.32
7	7000	0.284856	4.54112	3.22686e-05	3.51971e-05	1.34286e-07	3.46771e-05	1.10971e-05	4.24114e-05	1.02343e-05	0.37
7	7000	0.28466	4.33238	3.242e-05	3.53486e-05	1.4e-07	3.47629e-05	1.10914e-05	4.25286e-05	9.86571e-06	0.35
7	7000	0.28416	4.54112	3.22743e-05	3.52371e-05	1.31429e-07	3.47571e-05	1.10943e-05	4.24429e-05	1.01886e-05	0.34
7	7000	0.283923	3.88576	3.22771e-05	3.53171e-05	1.28571e-07	3.47171e-05	1.10943e-05	4.23171e-05	9.24571e-06	0.35
7	7000	0.283559	3.91215	3.24429e-05	3.53629e-05	1.51429e-07	3.472e-05	1.10886e-05	4.23886e-05	9.24e-06	0.34
7	7000	0.283055	3.88576	3.21914e-05	3.51343e-05	1.28571e-07	3.46543e-05	1.10771e-05	4.22829e-05	9.28857e-06	0.34
7	7000	0.283773	4.12272	3.22914e-05	3.526e-05	1.48571e-07	3.47286e-05	1.10486e-05	4.23971e-05	9.69714e-06	0.35
7	7000	0.283692	4.10959	3.23486e-05	3.532e-05	1.37143e-07	3.47457e-05	1.11086e-05	4.25086e-05	9.59429e-06	0.34
7	7000	0.28459	4.4499	3.23171e-05	3.53086e-05	1.31429e-07	3.476e-05	1.11543e-05	4.24257e-05	1.02429e-05	0.34
7	7000	0.284615	4.14898	3.23343e-05	3.53457e-05	1.25714e-07	3.47286e-05	1.10971e-05	4.24429e-05	9.58857e-06	0.35
8	8000	0.315831	5.13459	3.76943e-05	4.16e-05	1.88571e-07	3.994e-05	1.27971e-05	5.00429e-05	1.29686e-05	0.40
8	8000	0.31416	4.92037	3.75714e-05	4.12943e-05	1.88571e-07	3.98571e-05	1.278e-05	4.98629e-05	1.24371e-05	0.38
8	8000	0.316726	5.28061	3.774e-05	4.172e-05	1.65714e-07	4.00257e-05	1.28171e-05	5.01629e-05	1.32143e-05	0.38
8	8000	0.314598	4.81856	3.77171e-05	4.15629e-05	1.88571e-07	3.99514e-05	1.27743e-05	5.00629e-05	1.236e-05	0.38
8	8000	0.315364	5.05578	3.76857e-05	4.16314e-05	1.77143e-07	3.99971e-05	1.27714e-05	5.01943e-05	1.28686e-05	0.38
8	8000	0.316552	5.26939	3.78286e-05	4.16829e-05	1.91429e-07	4.00229e-05	1.282e-05	5.02543e-05	1.31829e-05	0.38
8	8000	0.316303	5.13459	3.76057e-05	4.15286e-05	1.8e-07	3.99171e-05	1.27486e-05	4.99171e-05	1.29514e-05	0.39
8	8000	0.314911	4.99941	3.74657e-05	4.14571e-05	1.6e-07	3.99e-05	1.27971e-05	4.99657e-05	1.26543e-05	0.37
8	8000	0.316356	5.34785	3.78257e-05	4.17171e-05	1.91429e-07	4.00571e-05	1.27829e-05	5.03171e-05	1.33e-05	0.38
8	8000	0.315536	5.04451	3.778e-05	4.15343e-05	2.17143e-07	3.99286e-05	1.28171e-05	5.00857e-05	1.27114e-05	0.38
9	9000	0.353073	6.19137	4.40371e-05	4.91057e-05	2.48571e-07	4.60286e-05	1.47114e-05	5.88886e-05	1.71486e-05	0.44
9	9000	0.352465	6.00522	4.39571e-05	4.87743e-05	2.45714e-07	4.59486e-05	1.46857e-05	5.88914e-05	1.67657e-05	0.42
9	9000	0.354594	6.28905	4.41343e-05	4.91486e-05	2.48571e-07	4.59914e-05	1.47171e-05	5.90429e-05	1.74314e-05	0.42
9	9000	0.353133	5.95611	4.39371e-05	4.89171e-05	2.42857e-07	4.59257e-05	1.46971e-05	5.89143e-05	1.66457e-05	0.42
9	9000	0.355127	6.66805	4.42457e-05	4.91943e-05	2.62857e-07	4.60714e-05	1.47714e-05	5.922e-05	1.82571e-05	0.42
9	9000	0.353579	6.06409	4.41286e-05	4.90857e-05	2.4e-07	4.60029e-05	1.46943e-05	5.90857e-05	1.68686e-05	0.42
9	9000	0.353274	6.21092	4.39714e-05	4.89229e-05	2.4e-07	4.60057e-05	1.472e-05	5.89829e-05	1.70229e-05	0.42
9	9000	0.352981	6.21092	4.40029e-05	4.88971e-05	2.37143e-07	4.59914e-05	1.47114e-05	5.89429e-05	1.71943e-05	0.42
9	9000	0.353458	6.07389	4.406e-05	4.90143e-05	2.42857e-07	4.59857e-05	1.47743e-05	5.91286e-05	1.68029e-05	0.42
9	9000	0.353965	6.24023	4.41286e-05	4.91686e-05	2.34286e-07	4.60429e-05	1.47343e-05	5.90914e-05	1.724e-05	0.42
10	10000	0.394686	7.35594	5.10457e-05	5.70086e-05	3.08571e-07	5.24829e-05	1.67971e-05	6.86371e-05	2.24857e-05	0.48
10	10000	0.394958	7.52728	5.11514e-05	5.70629e-05	3.2e-07	5.25314e-05	1.68e-05	6.86e-05	2.312e-05	0.46
10	10000	0.395704	7.55293	5.11514e-05	5.70371e-05	3.54286e-07	5.24457e-05	1.682e-05	6.85829e-05	2.32514e-05	0.46
10	10000	0.396509	7.60418	5.10686e-05	5.70429e-05	3e-07	5.25057e-05	1.67971e-05	6.84971e-05	2.31857e-05	0.46
10	10000	0.39323	7.0891	5.10657e-05	5.70286e-05	3.4e-07	5.24629e-05	1.67657e-05	6.84743e-05	2.17829e-05	0.46
10	10000	0.393706	7.0027	5.10114e-05	5.682e-05	3.65714e-07	5.23714e-05	1.67514e-05	6.854e-05	2.16771e-05	0.46
10	10000	0.395576	7.50162	5.112e-05	5.70286e-05	3.11429e-07	5.25229e-05	1.68086e-05	6.87114e-05	2.29343e-05	0.46
10	10000	0.396102	7.44169	5.09714e-05	5.70114e-05	3.28571e-07	5.24486e-05	1.67686e-05	6.84886e-05	2.276e-05	0.46
10	10000	0.393887	6.95943	5.08771e-05	5.68343e-05	3.17143e-07	5.24057e-05	1.67371e-05	6.84486e-05	2.13257e-05	0.46
10	10000	0.397253	7.67242	5.11e-05	5.70343e-05	3.42857e-07	5.24429e-05	1.68086e-05	6.86314e-05	2.34029e-05	0.46
11	11000	0.43697	8.3944	5.83171e-05	6.51314e-05	4.17143e-07	5.91257e-05	1.888e-05	7.826e-05	2.84029e-05	0.52
11	11000	0.438024	8.66822	5.82543e-05	6.52771e-05	4.22857e-07	5.91943e-05	1.89486e-05	7.83771e-05	2.932e-05	0.50
11	11000	0.439718	8.83474	5.82771e-05	6.51943e-05	4.31429e-07	5.91343e-05	1.892e-05	7.82771e-05	2.958e-05	0.50
11	11000	0.437986	8.56953	5.82743e-05	6.50286e-05	4.17143e-07	5.90829e-05	1.88771e-05	7.82371e-05	2.88514e-05	0.50
11	11000	0.437461	8.43253	5.828e-05	6.51114e-05	4.08571e-07	5.91086e-05	1.89057e-05	7.82657e-05	2.85e-05	0.50
11	11000	0.440592	8.78939	5.80429e-05	6.524e-05	3.94286e-07	5.91457e-05	1.89286e-05	7.83114e-05	2.97486e-05	0.51
11	11000	0.439215	8.8876	5.82543e-05	6.52971e-05	4.17143e-07	5.91314e-05	1.89e-05	7.82486e-05	2.97943e-05	0.50
11	11000	0.438642	8.78182	5.82114e-05	6.51429e-05	4.28571e-07	5.90029e-05	1.89343e-05	7.832e-05	2.92143e-05	0.50
11	11000	0.440505	8.8725	5.83886e-05	6.53229e-05	4.11429e-07	5.92143e-05	1.894e-05	7.84971e-05	2.99829e-05	0.50
11	11000	0.43747	8.76669	5.83714e-05	6.52371e-05	4.22857e-07	5.91657e-05	1.88914e-05	7.82971e-05	2.92714e-05	0.50
12	12000	0.48302	9.849	6.53429e-05	7.34371e-05	4.74286e-07	6.58971e-05	2.10571e-05	8.81886e-05	3.61686e-05	0.56
12	12000	0.481761	9.86254	6.56543e-05	7.34429e-05	5.08571e-07	6.59114e-05	2.10743e-05	8.82857e-05	3.63086e-05	0.55
12	12000	0.482987	9.88285	6.54343e-05	7.34629e-05	4.97143e-07	6.582e-05	2.10143e-05	8.80771e-05	3.67514e-05	0.56
12	12000	0.484112	9.87608	6.53829e-05	7.33171e-05	5.08571e-07	6.57514e-05	2.10057e-05	8.79229e-05	3.654e-05	0.55
12	12000	0.482146	9.72013	6.56e-05	7.33286e-05	5.34286e-07	6.56914e-05	2.10314e-05	8.81343e-05	3.59057e-05	0.55
12	12000	0.482436	9.66576	6.548e-05	7.344e-05	4.85714e-07	6.57829e-05	2.10086e-05	8.81829e-05	3.56257e-05	0.56
12	12000	0.482707	9.68616	6.54e-05	7.33371e-05	5.02857e-07	6.57714e-05	2.09914e-05	8.80686e-05	3.56114e-05	0.55
12	12000	0.480896	9.2902	6.53714e-05	7.31371e-05	5.05714e-07	6.56914e-05	2.09314e-05	8.784e-05	3.44686e-05	0.55
12	12000	0.482417	9.57727	6.552e-05	7.33571e-05	5.11429e-07	6.584e-05	2.10514e-05	8.822e-05	3.56429e-05	0.56
12	12000	0.481927	9.65896	6.56e-05	7.334e-05	5.31429e-07	6.57943e-05	2.10457e-05	8.81343e-05	3.57029e-05	0.54
