N_THREADS	N_TRANSACTIONS	TIME	N_ABORTS	PROCESS_READ_TIME	PROCESS_WRITE_TIME	PROCESS_VALIDATION_TIME	PROCESS_OTHER_TIME	COMMIT_VALIDATION_TIME	COMMIT_OTHER_TIME	WASTED_TIME
1	1000	0.229213	0	2.02829e-05	1.98914e-05	0	2.30629e-05	6.51429e-07	2.28257e-05	2.51429e-06
1	1000	0.229165	0	2.02686e-05	1.98743e-05	0	2.30657e-05	6.54286e-07	2.28229e-05	2.52e-06
1	1000	0.229226	0	2.02714e-05	1.98657e-05	0	2.30829e-05	6.48571e-07	2.28457e-05	2.51714e-06
1	1000	0.229285	0	2.02886e-05	1.98857e-05	0	2.30857e-05	6.48571e-07	2.28571e-05	2.51714e-06
1	1000	0.229289	0	2.03029e-05	1.992e-05	0	2.30743e-05	6.54286e-07	2.28343e-05	2.51143e-06
1	1000	0.229254	0	2.02971e-05	1.99086e-05	0	2.30629e-05	6.51429e-07	2.28429e-05	2.51429e-06
1	1000	0.229239	0	2.02686e-05	1.98829e-05	0	2.308e-05	6.51429e-07	2.28286e-05	2.52857e-06
1	1000	0.229215	0	2.028e-05	1.988e-05	0	2.30686e-05	6.51429e-07	2.28371e-05	2.51714e-06
1	1000	0.229242	0	2.02714e-05	1.98829e-05	0	2.30743e-05	6.54286e-07	2.28429e-05	2.52e-06
1	1000	0.229226	0	2.02743e-05	1.988e-05	0	2.30857e-05	6.51429e-07	2.28343e-05	2.52e-06
2	2000	0.231301	0.546992	2.076e-05	2.00314e-05	8e-08	2.31171e-05	9.97143e-07	2.31486e-05	2.75143e-06
2	2000	0.23135	0.596421	2.07486e-05	2.00371e-05	7.14286e-08	2.31429e-05	9.82857e-07	2.31629e-05	2.8e-06
2	2000	0.231245	0.596421	2.07229e-05	2.004e-05	6.85714e-08	2.31457e-05	9.71429e-07	2.31486e-05	2.76e-06
2	2000	0.231317	0.596421	2.07486e-05	2.00286e-05	7.42857e-08	2.314e-05	9.97143e-07	2.31571e-05	2.77143e-06
2	2000	0.231319	0.596421	2.07371e-05	2.00343e-05	7.14286e-08	2.31371e-05	9.74286e-07	2.316e-05	2.79429e-06
2	2000	0.231317	0.546992	2.07514e-05	2.00343e-05	7.14286e-08	2.31486e-05	9.8e-07	2.31743e-05	2.75429e-06
2	2000	0.231438	0.744417	2.07514e-05	2.00571e-05	7.14286e-08	2.31371e-05	1e-06	2.31771e-05	2.84286e-06
2	2000	0.231261	0.596421	2.07314e-05	2.00257e-05	6.85714e-08	2.31543e-05	9.6e-07	2.31486e-05	2.76857e-06
2	2000	0.231305	0.447984	2.078e-05	2.00371e-05	7.14286e-08	2.314e-05	9.97143e-07	2.31571e-05	2.71143e-06
2	2000	0.231386	0.596421	2.07543e-05	2.00314e-05	7.71429e-08	2.316e-05	9.97143e-07	2.31771e-05	2.78571e-06
3	3000	0.264621	24.0506	2.30457e-05	2.06686e-05	4.6e-07	2.34143e-05	2.89429e-06	2.40057e-05	2.83171e-05
3	3000	0.263368	23.4303	2.30629e-05	2.06143e-05	4.48571e-07	2.342e-05	2.87143e-06	2.39743e-05	2.73457e-05
3	3000	0.264525	23.7417	2.30286e-05	2.06629e-05	4.4e-07	2.344e-05	2.83143e-06	2.39886e-05	2.82343e-05
3	3000	0.266726	24.2998	2.30371e-05	2.06686e-05	4.17143e-07	2.34629e-05	2.80857e-06	2.39771e-05	2.86857e-05
3	3000	0.263204	23.0572	2.29857e-05	2.06486e-05	4.57143e-07	2.34257e-05	2.86857e-06	2.39857e-05	2.69371e-05
3	3000	0.262016	21.936	2.29657e-05	2.062e-05	4.28571e-07	2.344e-05	2.84571e-06	2.39657e-05	2.53657e-05
3	3000	0.265121	24.0314	2.292e-05	2.06514e-05	4.25714e-07	2.34314e-05	2.79143e-06	2.39857e-05	2.79771e-05
3	3000	0.265275	23.6447	2.302e-05	2.06514e-05	4.34286e-07	2.34314e-05	2.85143e-06	2.39971e-05	2.764e-05
3	3000	0.263528	23.4303	2.30571e-05	2.06543e-05	4.37143e-07	2.34343e-05	2.82286e-06	2.39886e-05	2.71343e-05
3	3000	0.264639	24.4523	2.3e-05	2.06686e-05	4.25714e-07	2.34429e-05	2.82857e-06	2.398e-05	2.85571e-05
4	4000	0.337744	47.3753	2.57457e-05	2.25229e-05	6.28571e-07	2.47571e-05	4.55143e-06	2.57429e-05	8.624e-05
4	4000	0.340288	48.4868	2.56371e-05	2.264e-05	5.68571e-07	2.48543e-05	4.49714e-06	2.58143e-05	9.05714e-05
4	4000	0.335068	47.5685	2.58257e-05	2.25657e-05	6.11429e-07	2.47943e-05	4.64857e-06	2.57457e-05	8.71971e-05
4	4000	0.338926	48.3738	2.57943e-05	2.26571e-05	6.17143e-07	2.48057e-05	4.61143e-06	2.57914e-05	9.02486e-05
4	4000	0.339322	48.447	2.592e-05	2.25771e-05	6.4e-07	2.47886e-05	4.62571e-06	2.58e-05	9.016e-05
4	4000	0.331175	46.2149	2.58e-05	2.254e-05	6.62857e-07	2.46771e-05	4.66571e-06	2.57e-05	8.23657e-05
4	4000	0.33757	47.7329	2.57143e-05	2.26314e-05	6.4e-07	2.47571e-05	4.56571e-06	2.576e-05	8.79543e-05
4	4000	0.336544	47.2713	2.54086e-05	2.25314e-05	5.94286e-07	2.47943e-05	4.54286e-06	2.57714e-05	8.55629e-05
4	4000	0.336761	48.0452	2.564e-05	2.25743e-05	6.14286e-07	2.47914e-05	4.58286e-06	2.578e-05	8.90686e-05
4	4000	0.335799	47.1668	2.55971e-05	2.25771e-05	6.34286e-07	2.47486e-05	4.6e-06	2.57714e-05	8.55971e-05
5	5000	0.429921	60.443	2.944e-05	2.56429e-05	7.82857e-07	2.714e-05	5.81714e-06	2.87257e-05	0.000165603
5	5000	0.430939	60.5523	2.91714e-05	2.56257e-05	8.11429e-07	2.714e-05	5.72286e-06	2.87543e-05	0.00016534
5	5000	0.426988	59.8748	2.93714e-05	2.55457e-05	8.02857e-07	2.70971e-05	5.85429e-06	2.86857e-05	0.000160429
5	5000	0.432182	60.633	2.97371e-05	2.562e-05	8.22857e-07	2.71286e-05	5.75429e-06	2.87371e-05	0.000166206
5	5000	0.431574	60.5927	2.95229e-05	2.57629e-05	7.62857e-07	2.72514e-05	5.74e-06	2.88371e-05	0.00016654
5	5000	0.428458	59.907	2.95657e-05	2.56571e-05	8.14286e-07	2.71057e-05	5.78571e-06	2.866e-05	0.000161589
5	5000	0.428029	60.5429	2.92886e-05	2.57029e-05	7.97143e-07	2.71571e-05	5.76857e-06	2.87629e-05	0.000164931
5	5000	0.436783	60.772	2.94143e-05	2.57829e-05	7.82857e-07	2.72314e-05	5.70571e-06	2.87886e-05	0.000167603
5	5000	0.432755	60.7966	2.95571e-05	2.58343e-05	8.08571e-07	2.72229e-05	5.81143e-06	2.88829e-05	0.00016808
5	5000	0.429025	60.3269	2.95457e-05	2.56857e-05	8.08571e-07	2.71343e-05	5.84286e-06	2.86971e-05	0.000163986
6	6000	0.571817	68.2573	3.45e-05	3.04343e-05	9.6e-07	3.08343e-05	6.75143e-06	3.31257e-05	0.000271983
6	6000	0.567819	68.5568	3.45429e-05	3.03943e-05	9.48571e-07	3.08743e-05	6.76286e-06	3.31943e-05	0.000274509
6	6000	0.565763	68.6307	3.46371e-05	3.05571e-05	1.02286e-06	3.09114e-05	6.84857e-06	3.33457e-05	0.00027486
6	6000	0.570043	68.7158	3.46286e-05	3.06114e-05	9.74286e-07	3.09686e-05	6.75429e-06	3.32486e-05	0.0002781
6	6000	0.5718	68.5847	3.46629e-05	3.05029e-05	9.54286e-07	3.094e-05	6.69714e-06	3.322e-05	0.000276397
6	6000	0.560363	68.1765	3.46771e-05	3.04886e-05	1.04e-06	3.084e-05	6.79429e-06	3.31914e-05	0.00026988
6	6000	0.567719	68.6438	3.44629e-05	3.05771e-05	9.77143e-07	3.09229e-05	6.73429e-06	3.328e-05	0.000277843
6	6000	0.569776	68.8198	3.47257e-05	3.06371e-05	9.85714e-07	3.10143e-05	6.83429e-06	3.33829e-05	0.000279837
6	6000	0.565881	68.5436	3.45571e-05	3.04543e-05	9.77143e-07	3.08543e-05	6.69429e-06	3.30943e-05	0.000273857
6	6000	0.568225	68.4211	3.442e-05	3.05743e-05	9.82857e-07	3.08714e-05	6.76857e-06	3.32e-05	0.000273669
7	7000	0.737776	73.903	4.13914e-05	3.67171e-05	1.24571e-06	3.57e-05	7.94571e-06	3.89286e-05	0.000417394
7	7000	0.742621	73.8689	4.16086e-05	3.67e-05	1.29429e-06	3.57543e-05	7.95429e-06	3.906e-05	0.000419729
7	7000	0.740742	73.6951	4.186e-05	3.68543e-05	1.28286e-06	3.57657e-05	8.09429e-06	3.91314e-05	0.000415549
7	7000	0.752625	74.3787	4.20029e-05	3.70629e-05	1.26286e-06	3.60229e-05	8.01429e-06	3.92743e-05	0.000432146
7	7000	0.738456	73.8621	4.14343e-05	3.67657e-05	1.22286e-06	3.58371e-05	7.93714e-06	3.90629e-05	0.000417451
7	7000	0.738889	73.7148	4.15629e-05	3.67886e-05	1.27429e-06	3.57886e-05	8e-06	3.91e-05	0.000415394
7	7000	0.745428	74.0067	4.16886e-05	3.68514e-05	1.25429e-06	3.58686e-05	8.01714e-06	3.918e-05	0.000421706
7	7000	0.742927	73.8279	4.13943e-05	3.67286e-05	1.27429e-06	3.56743e-05	7.96286e-06	3.90143e-05	0.000418014
7	7000	0.735395	73.6207	4.13771e-05	3.66629e-05	1.3e-06	3.56e-05	7.98857e-06	3.894e-05	0.000412771
7	7000	0.743642	73.7916	4.14857e-05	3.68171e-05	1.25714e-06	3.57943e-05	7.94286e-06	3.90457e-05	0.000417811
8	8000	0.950487	77.6067	4.92286e-05	4.36571e-05	1.62286e-06	4.09314e-05	9.30286e-06	4.54943e-05	0.000591623
8	8000	0.955493	77.5577	4.92686e-05	4.36029e-05	1.56571e-06	4.09114e-05	9.32571e-06	4.54771e-05	0.000593737
8	8000	0.946691	77.5596	4.94457e-05	4.38029e-05	1.62571e-06	4.09714e-05	9.42286e-06	4.55743e-05	0.000591806
8	8000	0.961204	77.7667	4.94629e-05	4.40257e-05	1.58571e-06	4.11857e-05	9.33714e-06	4.57829e-05	0.000601406
8	8000	0.942886	77.4368	4.92171e-05	4.38257e-05	1.57714e-06	4.10686e-05	9.43429e-06	4.56886e-05	0.000588734
8	8000	0.947245	77.5615	4.95371e-05	4.37714e-05	1.62571e-06	4.10229e-05	9.31143e-06	4.56057e-05	0.000592657
8	8000	0.94303	77.5338	4.94971e-05	4.37057e-05	1.59429e-06	4.09571e-05	9.43714e-06	4.55457e-05	0.000590291
8	8000	0.956957	77.7277	4.94114e-05	4.37829e-05	1.6e-06	4.10114e-05	9.32e-06	4.56657e-05	0.000599057
8	8000	0.952579	77.5697	4.98114e-05	4.39914e-05	1.67143e-06	4.11029e-05	9.44857e-06	4.57629e-05	0.000595663
8	8000	0.956346	77.8883	4.95457e-05	4.39543e-05	1.63714e-06	4.10829e-05	9.36e-06	4.57829e-05	0.000604586
9	9000	1.178	80.2969	5.72086e-05	5.05457e-05	1.95714e-06	4.608e-05	1.06314e-05	5.20657e-05	0.000787563
9	9000	1.19193	80.4747	5.79514e-05	5.09086e-05	1.99429e-06	4.63371e-05	1.07257e-05	5.24171e-05	0.000801471
9	9000	1.19256	80.4823	5.76371e-05	5.10314e-05	1.96857e-06	4.62486e-05	1.068e-05	5.23314e-05	0.0008019
9	9000	1.19244	80.4815	5.77086e-05	5.09914e-05	1.95429e-06	4.64057e-05	1.06714e-05	5.258e-05	0.000802529
9	9000	1.18091	80.28	5.75743e-05	5.07971e-05	1.94286e-06	4.62257e-05	1.06657e-05	5.23057e-05	0.000791374
9	9000	1.18011	80.2311	5.70829e-05	5.05343e-05	1.96571e-06	4.59257e-05	1.06029e-05	5.19743e-05	0.000786409
9	9000	1.20069	80.5368	5.79486e-05	5.10029e-05	1.96857e-06	4.63371e-05	1.07114e-05	5.23943e-05	0.000805394
9	9000	1.18873	80.3292	5.798e-05	5.126e-05	2.03143e-06	4.64286e-05	1.07057e-05	5.25514e-05	0.000793534
9	9000	1.18091	80.3648	5.74171e-05	5.114e-05	1.95714e-06	4.64086e-05	1.07543e-05	5.23943e-05	0.000794274
9	9000	1.18893	80.4458	5.79057e-05	5.10914e-05	2.02571e-06	4.63286e-05	1.07229e-05	5.246e-05	0.000801103
10	10000	1.46087	82.6747	6.58829e-05	5.85829e-05	2.31429e-06	5.172e-05	1.19657e-05	5.93343e-05	0.00103689
10	10000	1.45373	82.5857	6.58629e-05	5.82571e-05	2.31429e-06	5.14943e-05	1.18971e-05	5.89629e-05	0.00102945
10	10000	1.46363	82.716	6.57457e-05	5.84686e-05	2.33714e-06	5.158e-05	1.20029e-05	5.92829e-05	0.00104047
10	10000	1.45416	82.6057	6.52857e-05	5.79943e-05	2.28286e-06	5.14943e-05	1.19e-05	5.90571e-05	0.0010302
10	10000	1.46735	82.7121	6.58343e-05	5.83029e-05	2.35143e-06	5.15371e-05	1.19e-05	5.90257e-05	0.00103783
10	10000	1.44084	82.4377	6.55029e-05	5.78314e-05	2.25714e-06	5.12971e-05	1.19714e-05	5.88029e-05	0.00101278
10	10000	1.45297	82.579	6.54714e-05	5.77743e-05	2.32286e-06	5.12971e-05	1.186e-05	5.88086e-05	0.00102592
10	10000	1.45865	82.4994	6.55543e-05	5.78171e-05	2.28857e-06	5.13257e-05	1.18771e-05	5.868e-05	0.00102395
10	10000	1.45534	82.576	6.53114e-05	5.78571e-05	2.32286e-06	5.12486e-05	1.19457e-05	5.88e-05	0.00102732
10	10000	1.46874	82.7696	6.59943e-05	5.84114e-05	2.32e-06	5.17286e-05	1.2e-05	5.93171e-05	0.00104594
11	11000	1.78048	84.5781	7.378e-05	6.58314e-05	2.63429e-06	5.69971e-05	1.32057e-05	6.606e-05	0.00132153
11	11000	1.76395	84.4578	7.40943e-05	6.54886e-05	2.66e-06	5.68343e-05	1.32171e-05	6.58314e-05	0.00130227
11	11000	1.7837	84.6611	7.42286e-05	6.59571e-05	2.58571e-06	5.70914e-05	1.322e-05	6.62257e-05	0.00133169
11	11000	1.77012	84.4817	7.39e-05	6.54657e-05	2.62857e-06	5.67829e-05	1.31429e-05	6.58343e-05	0.00130793
11	11000	1.74777	84.2438	7.286e-05	6.44971e-05	2.63143e-06	5.62029e-05	1.3e-05	6.51543e-05	0.00127881
11	11000	1.77085	84.564	7.40886e-05	6.55543e-05	2.61429e-06	5.70314e-05	1.32143e-05	6.60371e-05	0.00131738
11	11000	1.77014	84.5393	7.39429e-05	6.52686e-05	2.64e-06	5.66914e-05	1.31943e-05	6.57114e-05	0.00131117
11	11000	1.76417	84.4891	7.40314e-05	6.57029e-05	2.66e-06	5.70229e-05	1.32e-05	6.60429e-05	0.00131058
11	11000	1.77631	84.5824	7.394e-05	6.56914e-05	2.61143e-06	5.71171e-05	1.33e-05	6.63314e-05	0.00132235
11	11000	1.77388	84.5679	7.40971e-05	6.56029e-05	2.60571e-06	5.70257e-05	1.324e-05	6.60714e-05	0.00131843
12	12000	2.1083	85.9467	8.12257e-05	7.25286e-05	2.85143e-06	6.18857e-05	1.42086e-05	7.22114e-05	0.00161082
12	12000	2.1005	85.9266	8.14543e-05	7.21657e-05	2.86286e-06	6.19571e-05	1.434e-05	7.22857e-05	0.00160533
12	12000	2.11091	86.0267	8.22e-05	7.30571e-05	2.92857e-06	6.23429e-05	1.43314e-05	7.26857e-05	0.00161955
12	12000	2.10794	86.0192	8.20229e-05	7.29714e-05	2.86571e-06	6.23429e-05	1.438e-05	7.28029e-05	0.00161995
12	12000	2.08972	85.873	8.13114e-05	7.26057e-05	2.84571e-06	6.19971e-05	1.42914e-05	7.222e-05	0.00159522
12	12000	2.08566	85.8049	8.102e-05	7.25086e-05	2.84286e-06	6.19857e-05	1.42971e-05	7.22886e-05	0.00158901
12	12000	2.11198	86.0063	8.13543e-05	7.28086e-05	2.86286e-06	6.22057e-05	1.43229e-05	7.25686e-05	0.00161935
12	12000	2.10347	85.9521	8.14629e-05	7.26857e-05	2.88286e-06	6.20914e-05	1.44371e-05	7.25486e-05	0.00161016
12	12000	2.11209	86.0434	8.16829e-05	7.28429e-05	2.85714e-06	6.22743e-05	1.42971e-05	7.25086e-05	0.00162132
12	12000	2.10976	85.9733	8.16429e-05	7.28171e-05	2.84e-06	6.21543e-05	1.43857e-05	7.25371e-05	0.00161647
