N_THREADS	N_TRANSACTIONS	TIME	N_ABORTS	PROCESS_READ_TIME	PROCESS_WRITE_TIME	PROCESS_VALIDATION_TIME	PROCESS_OTHER_TIME	COMMIT_VALIDATION_TIME	COMMIT_OTHER_TIME	WASTED_TIME
1	192	0.896476	0	1.37971e-05	1.59343e-05	0	0.00460101	1.6e-07	1.05143e-05	2.42857e-06
1	192	0.896459	0	1.37943e-05	1.59286e-05	0	0.0046009	1.62857e-07	1.05429e-05	2.42857e-06
1	192	0.896505	0	1.38086e-05	1.59257e-05	0	0.00460112	1.62857e-07	1.05314e-05	2.41714e-06
1	192	0.896571	0	1.38086e-05	1.59514e-05	0	0.00460145	1.62857e-07	1.04914e-05	2.44286e-06
1	192	0.896623	0	1.37743e-05	1.58886e-05	0	0.00460185	1.62857e-07	1.04943e-05	2.43143e-06
1	192	0.896389	0	1.38086e-05	1.58971e-05	0	0.00460054	1.62857e-07	1.05057e-05	2.43429e-06
1	192	0.896695	0	1.38286e-05	1.59057e-05	0	0.00460213	1.62857e-07	1.05114e-05	2.41714e-06
1	192	0.896617	0	1.38114e-05	1.592e-05	0	0.00460173	1.62857e-07	1.04857e-05	2.42e-06
1	192	0.896597	0	1.38229e-05	1.58886e-05	0	0.00460164	1.62857e-07	1.04943e-05	2.42e-06
1	192	0.896601	0	1.38314e-05	1.59229e-05	0	0.00460162	1.6e-07	1.04943e-05	2.43429e-06
2	192	0.493982	8.13397	1.454e-05	1.73429e-05	0	0.00436458	1.62857e-07	1.10114e-05	0.000691017
2	192	0.494183	6.34146	1.45429e-05	1.73429e-05	0	0.00436776	1.62857e-07	1.10171e-05	0.000689843
2	192	0.494032	7.69231	1.45143e-05	1.73514e-05	0	0.0043651	1.62857e-07	1.10229e-05	0.000690911
2	192	0.493788	4.47761	1.45e-05	1.73971e-05	0	0.00436479	1.6e-07	1.10371e-05	0.000688709
2	192	0.49426	11.1111	1.45286e-05	1.73743e-05	0	0.00436521	1.62857e-07	1.10143e-05	0.000693254
2	192	0.493878	5.41872	1.45371e-05	1.73657e-05	0	0.00436518	1.65714e-07	1.10029e-05	0.000689257
2	192	0.493915	6.34146	1.45257e-05	1.736e-05	0	0.00436469	1.62857e-07	1.10143e-05	0.000690149
2	192	0.494042	7.24638	1.45114e-05	1.73486e-05	0	0.00436568	1.6e-07	1.10171e-05	0.000690506
2	192	0.493874	6.34146	1.45171e-05	1.73686e-05	0	0.00436457	1.6e-07	1.10343e-05	0.000689886
2	192	0.49436	11.9266	1.44829e-05	1.73829e-05	0	0.0043652	1.62857e-07	1.10171e-05	0.000694309
3	192	0.352336	10.2804	1.47314e-05	1.66743e-05	0	0.00406889	1.6e-07	1.11229e-05	0.00131617
3	192	0.35259	14.6667	1.47086e-05	1.66914e-05	0	0.00406976	1.54286e-07	1.11371e-05	0.00131987
3	192	0.352529	12.3288	1.47114e-05	1.66629e-05	0	0.0040697	1.6e-07	1.11143e-05	0.00131871
3	192	0.352518	13.1222	1.47057e-05	1.66457e-05	0	0.00406962	1.54286e-07	1.11371e-05	0.00131843
3	192	0.35245	11.1111	1.47229e-05	1.66371e-05	0	0.00406999	1.6e-07	1.11e-05	0.00131738
3	192	0.352382	11.9266	1.46714e-05	1.66686e-05	0	0.00406828	1.57143e-07	1.10714e-05	0.00131814
3	192	0.352614	15.4185	1.47543e-05	1.666e-05	0	0.00406963	1.62857e-07	1.11029e-05	0.00132038
3	192	0.352878	16.5217	1.47143e-05	1.668e-05	0	0.00407054	1.6e-07	1.11343e-05	0.00132196
3	192	0.352902	16.8831	1.478e-05	1.668e-05	0	0.00407017	1.57143e-07	1.11343e-05	0.00132226
3	192	0.352545	12.3288	1.46571e-05	1.66686e-05	0	0.00406973	1.57143e-07	1.11286e-05	0.00131874
4	192	0.302804	17.5966	1.58829e-05	1.95343e-05	0	0.00363099	1.6e-07	1.19629e-05	0.0025041
4	192	0.30308	23.506	1.59543e-05	1.95486e-05	0	0.00363223	1.6e-07	1.19571e-05	0.00250911
4	192	0.302796	17.5966	1.59257e-05	1.952e-05	0	0.00363111	1.6e-07	1.192e-05	0.00250464
4	192	0.303647	30.9353	1.59343e-05	1.96829e-05	0	0.00363302	1.6e-07	1.19457e-05	0.00251929
4	192	0.303111	25	1.59057e-05	1.954e-05	0	0.00363275	1.62857e-07	1.18771e-05	0.00251113
4	192	0.303253	25.5814	1.59429e-05	1.95771e-05	0	0.00363244	1.6e-07	1.19086e-05	0.00251254
4	192	0.302859	18.9873	1.59029e-05	1.94943e-05	0	0.00363108	1.62857e-07	1.192e-05	0.00250546
4	192	0.302961	21.3115	1.58743e-05	1.95286e-05	0	0.00363191	1.6e-07	1.18629e-05	0.00250751
4	192	0.303061	22.5806	1.59629e-05	1.95029e-05	0	0.00363346	1.62857e-07	1.18714e-05	0.00250925
4	192	0.302733	17.2414	1.59e-05	1.95657e-05	0	0.00363109	1.62857e-07	1.18943e-05	0.00250388
5	192	0.250035	28.6245	1.67057e-05	2.00943e-05	0	0.00376425	1.57143e-07	1.23829e-05	0.00254225
5	192	0.251121	40.1869	1.65771e-05	2.004e-05	0	0.0037624	1.62857e-07	1.24857e-05	0.00256875
5	192	0.25024	27.5472	1.67029e-05	2.006e-05	0	0.00376311	1.6e-07	1.24543e-05	0.00253974
5	192	0.249963	25.5814	1.66629e-05	2.02029e-05	0	0.00376045	1.6e-07	1.24971e-05	0.00253784
5	192	0.249894	24.4094	1.66686e-05	2.01171e-05	0	0.00376381	1.6e-07	1.24143e-05	0.0025367
5	192	0.250048	26.7176	1.64943e-05	2.00486e-05	0	0.00376338	1.6e-07	1.24257e-05	0.00253947
5	192	0.250028	26.1538	1.66429e-05	2.01429e-05	0	0.00376385	1.6e-07	1.24371e-05	0.00253896
5	192	0.250127	27.2727	1.666e-05	2.00571e-05	0	0.0037641	1.6e-07	1.24314e-05	0.00254106
5	192	0.250121	30.6859	1.67543e-05	2.01857e-05	0	0.00376532	1.54286e-07	1.25343e-05	0.00254137
5	192	0.250043	26.9962	1.65914e-05	2.00829e-05	0	0.00376365	1.62857e-07	1.23971e-05	0.00254043
6	192	0.2216	27.5472	1.68314e-05	1.79543e-05	0	0.00406153	1.57143e-07	1.25286e-05	0.00261625
6	192	0.25417	27.8195	1.678e-05	1.89543e-05	0	0.00471614	1.57143e-07	1.25286e-05	0.00282638
6	192	0.222243	34.471	1.67571e-05	1.78171e-05	0	0.00405991	1.57143e-07	1.25171e-05	0.00263533
6	192	0.240402	33.101	1.65829e-05	1.79143e-05	0	0.00467185	1.54286e-07	1.22743e-05	0.00246553
6	192	0.225856	54.717	1.69343e-05	1.81229e-05	0	0.00410907	1.57143e-07	1.258e-05	0.00269511
6	192	0.222074	30.1818	1.66943e-05	1.78486e-05	0	0.00406078	1.57143e-07	1.24829e-05	0.00262566
6	192	0.221457	25.2918	1.67343e-05	1.78371e-05	0	0.00405919	1.57143e-07	1.248e-05	0.00261219
6	192	0.221917	31.4286	1.67314e-05	1.78343e-05	0	0.00406035	1.54286e-07	1.25314e-05	0.00262532
6	192	0.221787	28.6245	1.68514e-05	1.77743e-05	0	0.00406098	1.57143e-07	1.25371e-05	0.0026204
6	192	0.225609	53.2847	1.69429e-05	1.826e-05	0	0.00411344	1.57143e-07	1.26e-05	0.00268889
7	192	0.224453	48.3871	1.78343e-05	1.88971e-05	0	0.00451708	1.57143e-07	1.32514e-05	0.00336684
7	192	0.230898	71.7231	1.80143e-05	1.88914e-05	0	0.00456507	1.57143e-07	1.31371e-05	0.00357198
7	192	0.224518	35.1351	1.81371e-05	1.89714e-05	0	0.00455861	1.57143e-07	1.32686e-05	0.00333555
7	192	0.224072	33.101	1.81514e-05	1.89429e-05	0	0.0045663	1.54286e-07	1.34057e-05	0.00332172
7	192	0.224736	38.0645	1.79714e-05	1.88829e-05	0	0.00459102	1.6e-07	1.334e-05	0.00331749
7	192	0.224683	36	1.87086e-05	1.93171e-05	0	0.00456989	1.54286e-07	1.37571e-05	0.00332691
7	192	0.224265	33.7931	1.81943e-05	1.89857e-05	0	0.00456113	1.57143e-07	1.33229e-05	0.00332866
7	192	0.224217	32.8671	1.79771e-05	1.89943e-05	0	0.0045616	1.54286e-07	1.33314e-05	0.00333069
7	192	0.224194	32.8671	1.81914e-05	1.898e-05	0	0.00456269	1.57143e-07	1.33543e-05	0.00332965
7	192	0.228748	65.1543	1.808e-05	1.89971e-05	0	0.00456466	1.57143e-07	1.34886e-05	0.00349115
8	192	0.215902	66.3158	1.94857e-05	2.08771e-05	0	0.00406969	1.62857e-07	1.43343e-05	0.00460155
8	192	0.230151	75.6345	1.98714e-05	2.17229e-05	0	0.00418386	1.54286e-07	1.43486e-05	0.00501884
8	192	0.227055	72.0117	2.00457e-05	2.12114e-05	0	0.00413732	1.62857e-07	1.45229e-05	0.00491332
8	192	0.231058	77.305	1.96371e-05	2.14829e-05	0	0.00418215	1.54286e-07	1.44e-05	0.00505794
8	192	0.229475	72.3741	1.95e-05	2.10171e-05	0	0.00418199	1.6e-07	1.42514e-05	0.00498739
8	192	0.227065	67.5676	1.968e-05	2.10771e-05	0	0.00419299	1.6e-07	1.43486e-05	0.0048776
8	192	0.221193	39.0476	2.00629e-05	2.13543e-05	0	0.00414063	1.62857e-07	1.51029e-05	0.00466595
8	192	0.225776	66.5505	1.95886e-05	2.15771e-05	0	0.00416443	1.57143e-07	1.43143e-05	0.00485477
8	192	0.227313	67.4024	1.95314e-05	2.12343e-05	0	0.00419926	1.51429e-07	1.43314e-05	0.00487608
8	192	0.223983	53.8462	1.97886e-05	2.12086e-05	0	0.00418144	1.6e-07	1.45171e-05	0.00476137
9	192	0.228825	78.0571	2.196e-05	2.38029e-05	0	0.00458165	1.57143e-07	1.56914e-05	0.005615
9	192	0.244561	81.1765	2.07086e-05	2.20343e-05	0	0.00475229	1.57143e-07	1.53143e-05	0.0058767
9	192	0.242743	78.9011	2.07943e-05	2.20857e-05	0	0.00476059	1.57143e-07	1.51286e-05	0.0057941
9	192	0.220705	50.3876	2.12143e-05	2.342e-05	0	0.00455309	1.6e-07	1.56571e-05	0.00526803
9	192	0.220498	48.5255	2.13457e-05	2.33857e-05	0	0.00455727	1.57143e-07	1.54629e-05	0.00525356
9	192	0.243447	80.0416	2.06343e-05	2.20429e-05	0	0.0047498	1.6e-07	1.50914e-05	0.00582652
9	192	0.229843	79.5091	2.114e-05	2.33886e-05	0	0.00454875	1.51429e-07	1.53914e-05	0.00569813
9	192	0.248224	84.689	2.07343e-05	2.21457e-05	0	0.00474553	1.57143e-07	1.52314e-05	0.00605286
9	192	0.222362	59.5789	2.13943e-05	2.36343e-05	0	0.00458806	1.57143e-07	1.56857e-05	0.00531299
9	192	0.231281	81.5207	2.16143e-05	2.39086e-05	0	0.0045485	1.6e-07	1.57714e-05	0.00575879
10	192	0.202489	85.4875	2.32257e-05	2.39629e-05	0	0.00435739	1.51429e-07	1.66486e-05	0.00576966
10	192	0.205235	86.0262	2.32371e-05	2.35143e-05	0	0.00436693	1.54286e-07	1.7e-05	0.00590628
10	192	0.198839	83.3766	2.29514e-05	2.36371e-05	0	0.00428002	1.48571e-07	1.66914e-05	0.00564886
10	192	0.23034	93.4516	2.29829e-05	2.37429e-05	0	0.00435748	1.54286e-07	1.67886e-05	0.0071893
10	192	0.202065	84.2494	2.43029e-05	2.42571e-05	0	0.00440594	1.51429e-07	1.76657e-05	0.00571459
10	192	0.220056	91.6084	2.37314e-05	2.34057e-05	0	0.00434961	1.57143e-07	1.68343e-05	0.00668056
10	192	0.205564	86.9919	2.30486e-05	2.33714e-05	0	0.00431069	1.51429e-07	1.65914e-05	0.00596804
10	192	0.193021	70.416	2.33429e-05	2.36114e-05	0	0.00435987	1.51429e-07	1.67086e-05	0.00527822
10	192	0.23673	82.9485	2.19057e-05	2.23857e-05	0	0.00487022	1.57143e-07	1.58657e-05	0.0070442
10	192	0.19906	82.5137	2.34143e-05	2.36971e-05	0	0.00435981	1.51429e-07	1.65886e-05	0.00556543
11	192	0.235578	86.1472	2.456e-05	2.41171e-05	0	0.00507207	1.57143e-07	1.75657e-05	0.00793656
11	192	0.240452	88.5236	2.34657e-05	2.43743e-05	0	0.00505516	1.62857e-07	1.75286e-05	0.00824489
11	192	0.261324	93.9528	2.47486e-05	2.44543e-05	0	0.00503784	1.51429e-07	1.80029e-05	0.00943139
11	192	0.262514	93.7111	2.53886e-05	2.53971e-05	0	0.00514027	1.54286e-07	1.78057e-05	0.0094039
11	192	0.238387	87.4837	2.376e-05	2.37829e-05	0	0.00505839	1.51429e-07	1.74829e-05	0.00811784
11	192	0.25186	91.8713	2.48914e-05	2.48486e-05	0	0.00508965	1.6e-07	1.76857e-05	0.00888566
11	192	0.243396	89.8734	2.354e-05	2.35543e-05	0	0.00507017	1.57143e-07	1.75343e-05	0.00840554
11	192	0.241887	88.9081	2.43286e-05	2.42514e-05	0	0.00514947	1.51429e-07	1.78771e-05	0.00821736
11	192	0.240607	88.4546	2.52457e-05	2.56371e-05	0	0.0050826	1.51429e-07	1.83286e-05	0.00821865
11	192	0.24345	89.5765	2.37714e-05	2.47029e-05	0	0.00505692	1.57143e-07	1.76429e-05	0.00841595
12	192	0.234716	90	2.66857e-05	2.60114e-05	0	0.00506944	1.57143e-07	1.92657e-05	0.00906888
12	192	0.243595	92.02	2.62229e-05	2.522e-05	0	0.0050748	1.54286e-07	1.94257e-05	0.00955951
12	192	0.235659	90.1538	2.62771e-05	2.59714e-05	0	0.00505835	1.54286e-07	1.89257e-05	0.00911569
12	192	0.264192	95.4717	2.53171e-05	2.51571e-05	0	0.00495761	1.48571e-07	1.89086e-05	0.0109219
12	192	0.23299	88.8566	2.63914e-05	2.57857e-05	0	0.00506717	1.57143e-07	1.93086e-05	0.00894523
12	192	0.253799	93.7683	2.74e-05	2.59143e-05	0	0.00506727	1.57143e-07	1.95514e-05	0.0102766
12	192	0.244443	92.2078	2.64e-05	2.56714e-05	0	0.00511103	1.57143e-07	1.90686e-05	0.00964117
12	192	0.238661	90.9348	2.56686e-05	2.51143e-05	0	0.00508792	1.54286e-07	1.89486e-05	0.009306
12	192	0.237278	90.5697	2.626e-05	2.59286e-05	0	0.00506853	1.6e-07	1.90943e-05	0.00922144
12	192	0.278594	95.5771	2.64657e-05	2.55886e-05	0	0.00526257	1.6e-07	1.87771e-05	0.0115886
