N_THREADS	N_TRANSACTIONS	TIME	N_ABORTS	PROCESS_READ_TIME	PROCESS_WRITE_TIME	PROCESS_VALIDATION_TIME	PROCESS_OTHER_TIME	COMMIT_VALIDATION_TIME	COMMIT_OTHER_TIME	WASTED_TIME
1	128	16.0871	0	6.14086e-05	0.000238237	0	0.0294082	2.48571e-07	4.60371e-05	2.42286e-06
1	128	16.0823	0	6.12343e-05	0.000238094	0	0.0293709	2.51429e-07	4.57486e-05	2.42571e-06
1	128	16.0867	0	6.12771e-05	0.000238194	0	0.0294049	2.51429e-07	4.60257e-05	2.43429e-06
1	128	16.0823	0	6.13314e-05	0.000238174	0	0.0293711	2.48571e-07	4.57257e-05	2.40571e-06
1	128	16.0868	0	6.13171e-05	0.000238297	0	0.0294053	2.48571e-07	4.606e-05	2.44571e-06
1	128	16.0824	0	6.12914e-05	0.000238154	0	0.0293721	2.51429e-07	4.57029e-05	2.44286e-06
1	128	16.0853	0	6.13086e-05	0.000238069	0	0.0293945	2.45714e-07	4.59171e-05	2.43143e-06
1	128	16.0826	0	6.124e-05	0.000238286	0	0.029373	2.48571e-07	4.57371e-05	2.43714e-06
1	128	16.0826	0	6.12257e-05	0.000238109	0	0.0293733	2.48571e-07	4.57143e-05	2.42571e-06
1	128	16.0823	0	6.12914e-05	0.000238171	0	0.0293709	2.51429e-07	4.57286e-05	2.46286e-06
2	128	10.1254	11.7241	6.23514e-05	0.000242011	0	0.126866	2.48571e-07	4.63914e-05	0.0304421
2	128	10.1268	7.91367	6.23857e-05	0.000242251	0	0.126885	2.48571e-07	4.64486e-05	0.0304444
2	128	10.1265	12.9252	6.23629e-05	0.000242186	0	0.126877	2.48571e-07	4.63457e-05	0.0304465
2	128	10.1269	7.91367	6.23514e-05	0.000242231	0	0.126886	2.48571e-07	4.64171e-05	0.0304435
2	128	10.1275	7.91367	6.23514e-05	0.000242071	0	0.126894	2.51429e-07	4.64829e-05	0.030446
2	128	10.1264	7.91367	6.23143e-05	0.000242154	0	0.126879	2.45714e-07	4.63114e-05	0.0304423
2	128	10.1272	9.21986	6.23571e-05	0.000242249	0	0.12689	2.48571e-07	4.64057e-05	0.0304466
2	128	10.1265	10.4895	6.24286e-05	0.000242174	0	0.126879	2.51429e-07	4.63257e-05	0.0304439
2	128	10.1268	9.21986	6.23171e-05	0.00024214	0	0.126885	2.48571e-07	4.64229e-05	0.0304453
2	128	10.1263	10.4895	6.24171e-05	0.000242237	0	0.126878	2.48571e-07	4.62886e-05	0.0304447
3	128	7.85335	17.4194	6.05057e-05	0.000226297	0	0.127509	2.45714e-07	4.49486e-05	0.0541077
3	128	7.85347	17.4194	6.05886e-05	0.000226226	0	0.127508	2.48571e-07	4.49686e-05	0.0541064
3	128	7.85298	19.4969	6.064e-05	0.00022646	0	0.127499	2.42857e-07	4.49257e-05	0.0541067
3	128	7.85315	20.4969	6.05714e-05	0.000226477	0	0.127501	2.48571e-07	4.49829e-05	0.0541083
3	128	7.85317	20.4969	6.05771e-05	0.000226229	0	0.127502	2.45714e-07	4.48629e-05	0.0541075
3	128	7.85292	19.4969	6.05171e-05	0.00022644	0	0.127498	2.45714e-07	4.49371e-05	0.0541068
3	128	7.85301	20.4969	6.05714e-05	0.000226471	0	0.127501	2.48571e-07	4.48857e-05	0.0541074
3	128	7.85321	19.4969	6.05943e-05	0.000226277	0	0.127501	2.42857e-07	4.502e-05	0.0541059
3	128	7.85322	19.4969	6.05571e-05	0.000226431	0	0.127499	2.45714e-07	4.48943e-05	0.0541071
3	128	7.85317	20.9877	6.06143e-05	0.0002263	0	0.127501	2.48571e-07	4.48971e-05	0.054109
4	128	6.26965	26.0116	6.25e-05	0.000235903	0	0.125545	2.42857e-07	4.63229e-05	0.0560567
4	128	6.2709	16.8831	6.26771e-05	0.00023576	0	0.125576	2.45714e-07	4.64286e-05	0.056056
4	128	6.82417	28.4916	6.22171e-05	0.000229257	0	0.125457	2.42857e-07	4.60286e-05	0.0723043
4	128	6.8243	28.4916	6.22914e-05	0.00022898	0	0.125456	2.45714e-07	4.60029e-05	0.0723074
4	128	6.82411	27.2727	6.21229e-05	0.000229326	0	0.125457	2.48571e-07	4.59771e-05	0.0723026
4	128	6.82393	26.4368	6.22e-05	0.000229271	0	0.125455	2.45714e-07	4.59714e-05	0.0723026
4	128	6.82479	31.5508	6.23629e-05	0.000229026	0	0.125462	2.45714e-07	4.59657e-05	0.0723135
4	128	6.27044	20.9877	6.26514e-05	0.000235823	0	0.125563	2.42857e-07	4.64086e-05	0.0560569
4	128	6.82423	28.4916	6.22029e-05	0.000229163	0	0.125447	2.42857e-07	4.59486e-05	0.0723048
4	128	6.8244	25.5814	6.23029e-05	0.000229143	0	0.12546	2.42857e-07	4.60514e-05	0.0723021
5	128	6.37955	32.6316	6.43114e-05	0.000238786	0	0.127661	2.42857e-07	4.76743e-05	0.0988681
5	128	6.38041	29.2818	6.44229e-05	0.00023896	0	0.127674	2.45714e-07	4.76371e-05	0.0988723
5	128	6.37983	29.2818	6.44057e-05	0.000238783	0	0.127673	2.48571e-07	4.75314e-05	0.0988636
5	128	6.37973	35.0254	6.43886e-05	0.00023894	0	0.127664	2.45714e-07	4.73543e-05	0.098873
5	128	6.38105	50.3876	6.43114e-05	0.000238377	0	0.12766	2.48571e-07	4.74286e-05	0.0989173
5	128	6.38052	36.9458	6.438e-05	0.000238994	0	0.12767	2.48571e-07	4.76429e-05	0.0988827
5	128	6.38008	36.9458	6.46371e-05	0.000238686	0	0.127669	2.4e-07	4.75429e-05	0.098877
5	128	6.37968	31.5508	6.45057e-05	0.000238666	0	0.127667	2.48571e-07	4.75057e-05	0.0988632
5	128	6.37948	31.5508	6.45429e-05	0.000239051	0	0.127666	2.45714e-07	4.72743e-05	0.0988683
5	128	6.37819	27.6836	6.45343e-05	0.000238997	0	0.127643	2.45714e-07	4.75429e-05	0.0988408
6	128	5.32362	34.359	6.65829e-05	0.000245474	0	0.129007	2.45714e-07	4.87114e-05	0.0961728
6	128	5.32409	36.9458	6.652e-05	0.000245571	0	0.12901	2.48571e-07	4.87429e-05	0.0961905
6	128	5.32402	38.4615	6.63943e-05	0.000245143	0	0.129013	2.45714e-07	4.87771e-05	0.0961918
6	128	5.32431	42.6009	6.63857e-05	0.000245354	0	0.129011	2.45714e-07	4.87457e-05	0.0962056
6	128	5.32448	45.2991	6.63429e-05	0.000245586	0	0.129007	2.45714e-07	4.87171e-05	0.0962101
6	128	5.32382	37.561	6.61114e-05	0.000245229	0	0.129005	2.51429e-07	4.86057e-05	0.0961889
6	128	5.32473	36.6337	6.64029e-05	0.000245511	0	0.129023	2.4e-07	4.88771e-05	0.0961947
6	128	5.32458	37.8641	6.65229e-05	0.00024566	0	0.129023	2.48571e-07	4.86686e-05	0.0962038
6	128	5.32436	39.3365	6.63257e-05	0.00024606	0	0.129015	2.45714e-07	4.894e-05	0.0961938
6	128	5.32421	36.9458	6.63857e-05	0.000245283	0	0.129017	2.42857e-07	4.87543e-05	0.0961911
7	128	5.72324	68.0798	6.90143e-05	0.000251446	0	0.131836	2.48571e-07	5.09257e-05	0.119968
7	128	5.32634	65.4987	6.96543e-05	0.000251657	0	0.13182	2.42857e-07	5.08629e-05	0.117916
7	128	5.32407	46.2185	6.95171e-05	0.000251554	0	0.131815	2.42857e-07	5.07029e-05	0.117795
7	128	5.32632	65.2174	6.95171e-05	0.000251857	0	0.131824	2.42857e-07	5.08114e-05	0.117918
7	128	5.32769	74.4	6.95257e-05	0.000251603	0	0.131788	2.45714e-07	5.06229e-05	0.118018
7	128	5.324	51.145	6.92229e-05	0.000251529	0	0.131808	2.45714e-07	5.07314e-05	0.117805
7	128	5.32307	40.1869	6.96371e-05	0.00025176	0	0.131812	2.45714e-07	5.104e-05	0.117761
7	128	5.32783	73.6626	6.94886e-05	0.000251663	0	0.131818	2.51429e-07	5.07971e-05	0.118026
7	128	5.32329	41.2844	6.95057e-05	0.000251746	0	0.131817	2.4e-07	5.08714e-05	0.117775
7	128	5.32421	47.9675	6.92286e-05	0.000251611	0	0.131819	2.37143e-07	5.1e-05	0.117803
8	128	4.21574	80	7.23657e-05	0.000261691	0	0.134074	2.45714e-07	5.28543e-05	0.0932242
8	128	4.70663	73.444	7.26143e-05	0.000261951	0	0.133952	2.4e-07	5.30914e-05	0.10515
8	128	4.70663	73.6082	7.25657e-05	0.000262331	0	0.133967	2.42857e-07	5.328e-05	0.105151
8	128	4.55523	59.8746	7.27029e-05	0.000261966	0	0.13376	2.42857e-07	5.332e-05	0.100871
8	128	4.71232	84.6707	7.22971e-05	0.000263077	0	0.133941	2.37143e-07	5.30886e-05	0.105515
8	128	4.21128	58.5761	7.25714e-05	0.000262483	0	0.134102	2.42857e-07	5.30657e-05	0.0928727
8	128	4.70253	43.8596	7.25657e-05	0.00026232	0	0.13397	2.48571e-07	5.32657e-05	0.104884
8	128	4.21846	83.7975	7.26686e-05	0.000261714	0	0.134065	2.4e-07	5.28829e-05	0.0933841
8	128	4.21111	65.4054	7.23943e-05	0.00026162	0	0.134065	2.4e-07	5.328e-05	0.0929341
8	128	4.70401	54.9296	7.26571e-05	0.000262769	0	0.133947	2.4e-07	5.35229e-05	0.104946
9	128	4.04376	86.6388	7.47686e-05	0.000258854	0	0.133439	2.48571e-07	5.404e-05	0.103737
9	128	4.04468	87.6805	7.38114e-05	0.000257557	0	0.13339	2.45714e-07	5.37429e-05	0.10383
9	128	4.03939	82.6558	7.38029e-05	0.0002596	0	0.133415	2.45714e-07	5.41829e-05	0.10347
9	128	4.04426	87.3016	7.38143e-05	0.00025912	0	0.133414	2.4e-07	5.41943e-05	0.103786
9	128	4.05039	88.3212	7.37057e-05	0.000258403	0	0.133399	2.4e-07	5.39086e-05	0.106337
9	128	4.0346	68.7042	7.444e-05	0.000258949	0	0.133437	2.37143e-07	5.41371e-05	0.103087
9	128	4.04055	83.9398	7.39714e-05	0.000258334	0	0.133405	2.4e-07	5.40314e-05	0.103527
9	128	4.03156	45.2991	7.44429e-05	0.000259014	0	0.133451	2.4e-07	5.43657e-05	0.102885
9	128	4.04701	89.4302	7.396e-05	0.000258586	0	0.133407	2.42857e-07	5.38429e-05	0.104029
9	128	4.03161	47.1074	7.49571e-05	0.000259183	0	0.133451	2.42857e-07	5.43543e-05	0.102889
10	128	4.19327	86.4119	7.88e-05	0.000268491	0	0.135685	2.42857e-07	5.69686e-05	0.118574
10	128	4.17769	76.6849	7.86114e-05	0.00026668	0	0.135747	2.42857e-07	5.70543e-05	0.114982
10	128	4.1909	90.8637	7.84743e-05	0.000269334	0	0.135725	2.4e-07	5.75171e-05	0.116029
10	128	4.7622	87.4016	7.84029e-05	0.000270491	0	0.135797	2.4e-07	5.72229e-05	0.130916
10	128	4.18079	84.8161	7.84143e-05	0.000265971	0	0.135758	2.42857e-07	5.698e-05	0.115251
10	128	4.18345	87.6089	7.828e-05	0.000267126	0	0.135726	2.4e-07	5.668e-05	0.115497
10	128	4.18236	86.5121	7.84914e-05	0.00026734	0	0.135757	2.34286e-07	5.66514e-05	0.115388
10	128	4.1935	91.6285	7.79771e-05	0.000269143	0	0.135727	2.42857e-07	5.752e-05	0.116252
10	128	4.18478	88.4058	7.84029e-05	0.000267683	0	0.13574	2.4e-07	5.63086e-05	0.115582
10	128	4.18302	87.0183	7.84686e-05	0.0002675	0	0.135761	2.42857e-07	5.70457e-05	0.115441
11	128	4.43058	93.0473	8.13286e-05	0.000272923	0	0.137188	2.37143e-07	5.87343e-05	0.154997
11	128	4.41843	91.1049	8.31886e-05	0.00027776	0	0.137162	2.4e-07	6.01029e-05	0.154288
11	128	4.0085	92.0497	8.15829e-05	0.00027366	0	0.137773	2.34286e-07	5.914e-05	0.1462
11	128	4.42388	91.6883	8.18486e-05	0.000274294	0	0.137194	2.37143e-07	6.00714e-05	0.154531
11	128	4.42871	92.9047	8.16571e-05	0.000272823	0	0.137208	2.37143e-07	5.952e-05	0.154893
11	128	4.42547	92.015	8.17257e-05	0.000272531	0	0.13722	2.4e-07	5.89743e-05	0.154596
11	128	4.43047	93.3987	8.16629e-05	0.000272354	0	0.137207	2.37143e-07	5.93943e-05	0.155061
11	128	4.42524	93.1733	8.11257e-05	0.000273314	0	0.137173	2.4e-07	5.89829e-05	0.154969
11	128	4.4202	91.7896	8.14429e-05	0.00027404	0	0.137178	2.37143e-07	5.92429e-05	0.154439
11	128	4.41881	91.6612	8.21257e-05	0.000274757	0	0.137181	2.4e-07	5.97514e-05	0.154465
12	128	4.74962	94.6866	8.84971e-05	0.000298386	0	0.142952	2.48571e-07	6.396e-05	0.185612
12	128	4.03849	92.6857	8.84857e-05	0.0002935	0	0.141599	2.45714e-07	6.31371e-05	0.172909
12	128	4.62564	92.6521	9.04914e-05	0.000301826	0	0.140784	2.48571e-07	6.46143e-05	0.190901
12	128	4.80158	93.9821	8.71886e-05	0.000287706	0	0.142318	2.42857e-07	6.342e-05	0.183765
12	128	4.77666	93.2984	8.87371e-05	0.000295894	0	0.141847	2.45714e-07	6.39257e-05	0.194931
12	128	4.6323	94.0878	8.74171e-05	0.000295231	0	0.140769	2.45714e-07	6.326e-05	0.191531
12	128	4.7452	93.8462	8.79714e-05	0.000296409	0	0.142915	2.42857e-07	6.42629e-05	0.18514
12	128	4.74215	93.5775	8.82943e-05	0.000294117	0	0.142971	2.45714e-07	6.34171e-05	0.184901
12	128	4.74382	93.8931	8.80257e-05	0.000293143	0	0.142931	2.42857e-07	6.43686e-05	0.18502
12	128	4.46654	92.2424	8.68286e-05	0.000289137	0	0.141296	2.48571e-07	6.31286e-05	0.176083
