N_THREADS	N_TRANSACTIONS	TIME	N_ABORTS	PROCESS_READ_TIME	PROCESS_WRITE_TIME	PROCESS_VALIDATION_TIME	PROCESS_OTHER_TIME	COMMIT_VALIDATION_TIME	COMMIT_OTHER_TIME	WASTED_TIME
1	192	0.897444	0	2.04771e-05	1.33057e-05	0	0.00460404	4.05714e-07	8.12857e-06	2.51429e-06
1	192	0.897418	0	2.04857e-05	1.32857e-05	0	0.00460389	4.08571e-07	8.11429e-06	2.50286e-06
1	192	0.897372	0	2.04943e-05	1.32743e-05	0	0.00460368	4.11429e-07	8.1e-06	2.5e-06
1	192	0.897455	0	2.04829e-05	1.328e-05	0	0.00460411	4.2e-07	8.11429e-06	2.48571e-06
1	192	0.897586	0	2.04971e-05	1.32971e-05	0	0.00460475	4.14286e-07	8.10571e-06	2.50857e-06
1	192	0.89752	0	2.04857e-05	1.32971e-05	0	0.00460445	4.08571e-07	8.09714e-06	2.51143e-06
1	192	0.897365	0	2.04743e-05	1.32743e-05	0	0.00460366	4.17143e-07	8.09143e-06	2.50571e-06
1	192	0.897483	0	2.05171e-05	1.32857e-05	0	0.00460424	4.14286e-07	8.07429e-06	2.49143e-06
1	192	0.897355	0	2.04771e-05	1.32657e-05	0	0.00460363	4.14286e-07	8.08571e-06	2.48857e-06
1	192	0.89772	0	2.04857e-05	1.33143e-05	0	0.00460551	4.17143e-07	8.07143e-06	2.49714e-06
2	192	0.494251	2.53807	2.13914e-05	1.42543e-05	6.28571e-08	0.00436834	1.52286e-06	8.54e-06	0.000688106
2	192	0.494602	3.51759	2.13857e-05	1.42514e-05	6.57143e-08	0.00437076	1.51714e-06	8.57143e-06	0.000688494
2	192	0.494275	2.53807	2.14114e-05	1.42886e-05	6e-08	0.00436801	1.51429e-06	8.55143e-06	0.000687966
2	192	0.494715	3.0303	2.13943e-05	1.42771e-05	6.28571e-08	0.00437182	1.51143e-06	8.55143e-06	0.000688697
2	192	0.494583	3.0303	2.14029e-05	1.42771e-05	6.28571e-08	0.00437076	1.50571e-06	8.54857e-06	0.000688257
2	192	0.49474	3.51759	2.14e-05	1.42971e-05	6e-08	0.00437211	1.50857e-06	8.55429e-06	0.000688583
2	192	0.494291	2.53807	2.13829e-05	1.42771e-05	6.28571e-08	0.00436828	1.50571e-06	8.54571e-06	0.000688009
2	192	0.494659	3.51759	2.14e-05	1.42886e-05	6.28571e-08	0.00437108	1.51714e-06	8.58857e-06	0.000688623
2	192	0.494713	4.47761	2.13486e-05	1.42543e-05	6.57143e-08	0.00437173	1.52286e-06	8.56857e-06	0.000688677
2	192	0.49465	3.0303	2.13829e-05	1.42343e-05	6.28571e-08	0.00437147	1.50286e-06	8.55714e-06	0.000688371
3	192	0.35273	7.24638	2.17286e-05	1.41429e-05	2e-08	0.00407241	1.79143e-06	8.63714e-06	0.00131501
3	192	0.352722	7.69231	2.17286e-05	1.41257e-05	2e-08	0.00407222	1.77143e-06	8.64857e-06	0.00131528
3	192	0.352805	8.13397	2.17143e-05	1.41657e-05	2e-08	0.00407286	1.77429e-06	8.62857e-06	0.00131571
3	192	0.352783	7.69231	2.17286e-05	1.41657e-05	2e-08	0.00407284	1.76857e-06	8.61143e-06	0.00131558
3	192	0.352741	7.24638	2.17114e-05	1.41229e-05	2e-08	0.00407281	1.75714e-06	8.60571e-06	0.00131515
3	192	0.352812	7.69231	2.17943e-05	1.41286e-05	2e-08	0.00407323	1.76e-06	8.61714e-06	0.00131553
3	192	0.35276	7.24638	2.17086e-05	1.41114e-05	2e-08	0.00407282	1.76857e-06	8.65429e-06	0.00131524
3	192	0.352805	7.69231	2.17371e-05	1.40971e-05	2e-08	0.00407312	1.75429e-06	8.63714e-06	0.00131559
3	192	0.352737	7.24638	2.17086e-05	1.41457e-05	2e-08	0.0040729	1.74571e-06	8.64e-06	0.00131529
3	192	0.352817	8.13397	2.17286e-05	1.41143e-05	2e-08	0.00407322	1.76286e-06	8.59143e-06	0.00131582
4	192	0.303059	12.3288	2.33543e-05	1.59029e-05	2.85714e-09	0.00363572	1.95714e-06	9.42286e-06	0.00250038
4	192	0.302931	11.5207	2.33143e-05	1.59571e-05	2.85714e-09	0.00363467	1.94571e-06	9.39143e-06	0.00249949
4	192	0.303034	11.5207	2.338e-05	1.58714e-05	2.85714e-09	0.00363508	1.95429e-06	9.40286e-06	0.00250049
4	192	0.303001	12.3288	2.33371e-05	1.596e-05	2.85714e-09	0.00363463	1.96571e-06	9.36571e-06	0.00250044
4	192	0.302986	11.5207	2.33914e-05	1.58857e-05	2.85714e-09	0.0036343	1.97143e-06	9.45143e-06	0.00250007
4	192	0.303005	12.3288	2.32971e-05	1.59314e-05	2.85714e-09	0.00363468	1.95714e-06	9.37143e-06	0.00250021
4	192	0.302993	12.3288	2.33857e-05	1.596e-05	2.85714e-09	0.00363493	1.94e-06	9.38571e-06	0.00250041
4	192	0.302991	12.3288	2.33571e-05	1.59543e-05	2.85714e-09	0.00363471	1.94571e-06	9.39429e-06	0.00250011
4	192	0.302982	12.3288	2.33629e-05	1.59457e-05	2.85714e-09	0.0036354	1.95429e-06	9.34286e-06	0.00249995
4	192	0.303027	13.1222	2.338e-05	1.58943e-05	2.85714e-09	0.00363511	1.95714e-06	9.42286e-06	0.00250039
5	192	0.24991	13.9013	2.45057e-05	1.64971e-05	8.85714e-08	0.00376859	2.34571e-06	9.76286e-06	0.00252656
5	192	0.249961	14.6667	2.44971e-05	1.66314e-05	8.57143e-08	0.00376869	2.31143e-06	9.84e-06	0.00252767
5	192	0.25001	16.1572	2.46429e-05	1.646e-05	9.42857e-08	0.00376532	2.33714e-06	9.80571e-06	0.00252932
5	192	0.249901	14.2857	2.446e-05	1.65e-05	8.28571e-08	0.003768	2.29429e-06	9.77143e-06	0.00252719
5	192	0.24996	15.0442	2.46971e-05	1.65857e-05	9.14286e-08	0.00376495	2.33429e-06	9.82571e-06	0.00252862
5	192	0.250017	14.6667	2.45257e-05	1.658e-05	8.57143e-08	0.00376941	2.3e-06	9.73429e-06	0.00252837
5	192	0.249887	13.9013	2.44714e-05	1.66257e-05	9.14286e-08	0.00376715	2.33143e-06	9.78286e-06	0.00252705
5	192	0.249951	14.2857	2.45086e-05	1.648e-05	8.85714e-08	0.00376867	2.28571e-06	9.82857e-06	0.00252785
5	192	0.249951	15.0442	2.45343e-05	1.65343e-05	8.85714e-08	0.00376819	2.29429e-06	9.82571e-06	0.00252769
5	192	0.249976	15.4185	2.45857e-05	1.65371e-05	9.14286e-08	0.00376659	2.34571e-06	9.82571e-06	0.00252827
6	192	0.240521	15.0442	2.472e-05	1.58171e-05	2.6e-07	0.00468083	2.18857e-06	9.66e-06	0.00244391
6	192	0.240501	16.5217	2.476e-05	1.572e-05	2.54286e-07	0.00468007	2.22286e-06	9.73429e-06	0.00244351
6	192	0.240552	15.7895	2.48429e-05	1.58343e-05	2.6e-07	0.00468009	2.22286e-06	9.63429e-06	0.00244351
6	192	0.24053	15.7895	2.48543e-05	1.57571e-05	2.62857e-07	0.00468002	2.24e-06	9.70571e-06	0.00244385
6	192	0.240512	15.4185	2.48114e-05	1.57029e-05	2.62857e-07	0.00468045	2.21429e-06	9.70857e-06	0.0024436
6	192	0.240652	16.1572	2.482e-05	1.572e-05	2.71429e-07	0.00468158	2.22e-06	9.76571e-06	0.00244468
6	192	0.240433	15.0442	2.46457e-05	1.57514e-05	2.6e-07	0.00467965	2.22571e-06	9.64857e-06	0.00244328
6	192	0.240546	15.4185	2.47886e-05	1.56829e-05	2.71429e-07	0.00468031	2.20857e-06	9.73714e-06	0.00244372
6	192	0.240549	15.7895	2.47714e-05	1.56971e-05	2.54286e-07	0.00468009	2.21714e-06	9.69429e-06	0.00244436
6	192	0.240575	16.5217	2.48571e-05	1.56771e-05	2.62857e-07	0.00468111	2.22571e-06	9.66e-06	0.00244416
7	192	0.224175	21.9512	2.65771e-05	1.70829e-05	1.45714e-07	0.00459554	2.21714e-06	1.04057e-05	0.00328646
7	192	0.224092	21.3115	2.68114e-05	1.71e-05	1.51429e-07	0.00456856	2.26e-06	1.05686e-05	0.00331195
7	192	0.224058	20.6612	2.68057e-05	1.70771e-05	1.45714e-07	0.00456927	2.25143e-06	1.04e-05	0.00331046
7	192	0.224136	20.6612	2.65657e-05	1.70171e-05	1.45714e-07	0.00459446	2.22857e-06	1.02743e-05	0.00328768
7	192	0.224117	20.6612	2.69286e-05	1.72514e-05	1.48571e-07	0.00456911	2.26571e-06	1.04057e-05	0.00331258
7	192	0.224233	22.2672	2.65829e-05	1.698e-05	1.45714e-07	0.00459625	2.27714e-06	1.03343e-05	0.00328687
7	192	0.224129	21.3115	2.66857e-05	1.68686e-05	1.48571e-07	0.00459537	2.23714e-06	1.01829e-05	0.0032857
7	192	0.224174	21.3115	2.66114e-05	1.69429e-05	1.48571e-07	0.00459581	2.24e-06	1.03257e-05	0.00328719
7	192	0.224258	21.6327	2.67171e-05	1.69286e-05	1.48571e-07	0.00459742	2.26286e-06	1.04429e-05	0.0032866
7	192	0.224214	21.9512	2.66514e-05	1.70143e-05	1.48571e-07	0.00459629	2.22286e-06	1.02057e-05	0.00328689
8	192	0.222006	24.7059	2.94086e-05	1.94257e-05	6.57143e-08	0.00419151	2.49143e-06	1.15514e-05	0.00466329
8	192	0.222083	25.2918	2.92886e-05	1.97771e-05	6.28571e-08	0.00419668	2.49143e-06	1.15057e-05	0.00466309
8	192	0.222041	25	2.93714e-05	1.97286e-05	6.28571e-08	0.00419429	2.52e-06	1.16086e-05	0.00466418
8	192	0.221985	25.8687	2.94029e-05	1.99029e-05	6.28571e-08	0.00419452	2.54286e-06	1.15229e-05	0.00466202
8	192	0.222065	25	2.93314e-05	1.972e-05	5.71429e-08	0.00419664	2.49714e-06	1.14029e-05	0.00466295
8	192	0.222041	25.5814	2.92286e-05	1.97829e-05	6.28571e-08	0.00419417	2.46286e-06	1.156e-05	0.00466398
8	192	0.221962	25.2918	2.93629e-05	1.97057e-05	6.28571e-08	0.00419358	2.47143e-06	1.15371e-05	0.00466163
8	192	0.222158	25.2918	2.94086e-05	1.98543e-05	6.28571e-08	0.00419731	2.45143e-06	1.158e-05	0.00466511
8	192	0.2221	25.8687	2.94086e-05	1.99971e-05	5.71429e-08	0.00419604	2.55143e-06	1.15257e-05	0.00466403
8	192	0.222065	24.1107	2.94514e-05	1.96857e-05	6e-08	0.00419578	2.52e-06	1.14829e-05	0.004663
9	192	0.219482	28.8889	3.23314e-05	2.16086e-05	5.42857e-08	0.00458442	2.78571e-06	1.252e-05	0.00516499
9	192	0.219366	29.4118	3.23686e-05	2.12629e-05	5.71429e-08	0.00458207	2.67714e-06	1.25171e-05	0.00516187
9	192	0.219514	28.0899	3.24286e-05	2.13086e-05	6.85714e-08	0.00457879	2.66e-06	1.24057e-05	0.00517266
9	192	0.219233	27.8195	3.25314e-05	2.12743e-05	5.71429e-08	0.00459207	2.58e-06	1.25e-05	0.00515069
9	192	0.219467	27.8195	3.22714e-05	2.12714e-05	6e-08	0.00457898	2.66e-06	1.24514e-05	0.00517059
9	192	0.219468	29.4118	3.22829e-05	2.12686e-05	6.28571e-08	0.0045855	2.64286e-06	1.25457e-05	0.00516409
9	192	0.219547	27.8195	3.22371e-05	2.12971e-05	5.42857e-08	0.0045805	2.54e-06	1.25943e-05	0.00517214
9	192	0.219359	28.0899	3.24286e-05	2.12829e-05	5.42857e-08	0.00458249	2.64571e-06	1.25029e-05	0.00516211
9	192	0.219593	28.6245	3.25743e-05	2.12914e-05	5.42857e-08	0.00458125	2.58286e-06	1.25057e-05	0.00517283
9	192	0.219591	28.3582	3.25057e-05	2.13314e-05	6e-08	0.00458116	2.66286e-06	1.24543e-05	0.00517306
10	192	0.186525	30.9353	3.58714e-05	2.27829e-05	3.48571e-07	0.00436928	2.86286e-06	1.36257e-05	0.00491379
10	192	0.186462	29.6703	3.59486e-05	2.218e-05	3.57143e-07	0.00436691	2.92e-06	1.36371e-05	0.00491504
10	192	0.186483	31.4286	3.57343e-05	2.25057e-05	3.65714e-07	0.0043683	2.87429e-06	1.35e-05	0.00491729
10	192	0.186518	30.1818	3.618e-05	2.26771e-05	3.51429e-07	0.00436872	2.89714e-06	1.37486e-05	0.00491285
10	192	0.186609	30.4348	3.59829e-05	2.29486e-05	3.42857e-07	0.00437443	3.01714e-06	1.376e-05	0.0049111
10	192	0.186445	30.9353	3.56314e-05	2.24e-05	3.4e-07	0.00436746	2.86571e-06	1.37771e-05	0.00491526
10	192	0.186552	31.4286	3.61486e-05	2.27857e-05	3.45714e-07	0.00437004	2.95714e-06	1.37057e-05	0.0049125
10	192	0.186625	31.1828	3.61743e-05	2.25886e-05	3.57143e-07	0.00437238	2.88286e-06	1.38029e-05	0.00491458
10	192	0.186544	30.4348	3.58114e-05	2.27457e-05	3.45714e-07	0.00437294	2.83714e-06	1.376e-05	0.00491455
10	192	0.186365	29.6703	3.56029e-05	2.21771e-05	3.54286e-07	0.00436373	2.95714e-06	1.37371e-05	0.00491481
11	192	0.21884	34.9153	3.75743e-05	2.34686e-05	2.11429e-07	0.00508198	2.72571e-06	1.40086e-05	0.00695106
11	192	0.218963	35.1351	3.78086e-05	2.32086e-05	2.14286e-07	0.00508284	2.66286e-06	1.42914e-05	0.00695547
11	192	0.218817	34.2466	3.76029e-05	2.32829e-05	2.05714e-07	0.00508109	2.84e-06	1.41086e-05	0.00694962
11	192	0.2189	34.6939	3.74429e-05	2.34029e-05	2.02857e-07	0.00508224	2.61143e-06	1.43171e-05	0.00695511
11	192	0.218967	35.1351	3.75457e-05	2.35486e-05	2.2e-07	0.00508527	2.51429e-06	1.40029e-05	0.00695571
11	192	0.21886	35.3535	3.74486e-05	2.35057e-05	2.11429e-07	0.00508244	2.72571e-06	1.42371e-05	0.00695355
11	192	0.218933	34.6939	3.74086e-05	2.34343e-05	2.17143e-07	0.00508652	2.70571e-06	1.428e-05	0.00695325
11	192	0.218799	35.1351	3.72657e-05	2.322e-05	2.14286e-07	0.00508315	2.66857e-06	1.41371e-05	0.0069522
11	192	0.219047	34.9153	3.76914e-05	2.34314e-05	2.05714e-07	0.005086	2.74857e-06	1.42143e-05	0.00695536
11	192	0.219013	34.9153	3.75514e-05	2.34143e-05	2.11429e-07	0.00508646	2.70286e-06	1.40343e-05	0.00695569
12	192	0.209813	38.2637	4.11343e-05	2.53514e-05	8.57143e-08	0.00506357	2.81429e-06	1.56143e-05	0.00749824
12	192	0.209807	38.0645	4.11457e-05	2.554e-05	7.42857e-08	0.00506614	2.81714e-06	1.564e-05	0.00749505
12	192	0.209675	37.6623	4.15114e-05	2.51371e-05	6.57143e-08	0.00506396	2.72857e-06	1.54429e-05	0.00749428
12	192	0.210072	38.6581	4.12857e-05	2.54857e-05	7.42857e-08	0.00507954	2.67714e-06	1.552e-05	0.00749931
12	192	0.209851	37.4593	4.11886e-05	2.57e-05	7.71429e-08	0.00507318	2.79714e-06	1.56371e-05	0.0074895
12	192	0.209943	39.0476	4.14343e-05	2.51429e-05	7.71429e-08	0.00506792	2.70571e-06	1.558e-05	0.00749886
12	192	0.209939	38.2637	4.14886e-05	2.56457e-05	8.85714e-08	0.0050701	2.73714e-06	1.55714e-05	0.00749778
12	192	0.209737	37.6623	4.11829e-05	2.51943e-05	8e-08	0.00506699	2.65429e-06	1.54971e-05	0.00749265
12	192	0.209658	38.0645	4.16171e-05	2.55229e-05	7.71429e-08	0.00506377	2.70286e-06	1.54486e-05	0.00748788
12	192	0.209715	38.0645	4.12171e-05	2.55171e-05	9.14286e-08	0.00506241	2.72286e-06	1.56143e-05	0.00749256
