N_THREADS	N_TRANSACTIONS	TIME	N_ABORTS	PROCESS_READ_TIME	PROCESS_WRITE_TIME	PROCESS_VALIDATION_TIME	PROCESS_OTHER_TIME	COMMIT_VALIDATION_TIME	COMMIT_OTHER_TIME	WASTED_TIME
1	100	0.00753152	0	2.24429e-05	0	0	1.76343e-05	0	5.65714e-07	1.16e-06
1	100	0.0075323	0	2.24514e-05	0	0	1.76171e-05	0	5.65714e-07	1.16857e-06
1	100	0.00753097	0	2.24371e-05	0	0	1.76314e-05	0	5.65714e-07	1.16e-06
1	100	0.00753367	0	2.246e-05	0	0	1.76257e-05	0	5.65714e-07	1.16571e-06
1	100	0.00753358	0	2.24714e-05	0	0	1.762e-05	0	5.68571e-07	1.15714e-06
1	100	0.00753065	0	2.24457e-05	0	0	1.76171e-05	0	5.65714e-07	1.16571e-06
1	100	0.00753266	0	2.24657e-05	0	0	1.76171e-05	0	5.65714e-07	1.16286e-06
1	100	0.00753417	0	2.24571e-05	0	0	1.76343e-05	0	5.68571e-07	1.16e-06
1	100	0.00753257	0	2.24543e-05	0	0	1.76257e-05	0	5.65714e-07	1.16e-06
1	100	0.00753111	0	2.24543e-05	0	0	1.76143e-05	0	5.65714e-07	1.16e-06
2	200	0.00796402	0	2.37429e-05	0	0	1.85771e-05	0	5.62857e-07	1.16286e-06
2	200	0.00796919	0	2.37629e-05	0	0	1.85857e-05	0	5.6e-07	1.16571e-06
2	200	0.00796841	0	2.37543e-05	0	0	1.85829e-05	0	5.62857e-07	1.16e-06
2	200	0.00796626	0	2.37486e-05	0	0	1.858e-05	0	5.65714e-07	1.16286e-06
2	200	0.00797138	0	2.37943e-05	0	0	1.858e-05	0	5.62857e-07	1.16571e-06
2	200	0.00796649	0	2.37343e-05	0	0	1.85743e-05	0	5.65714e-07	1.16e-06
2	200	0.0079707	0	2.376e-05	0	0	1.85829e-05	0	5.65714e-07	1.16e-06
2	200	0.00796983	0	2.37571e-05	0	0	1.85857e-05	0	5.6e-07	1.16286e-06
2	200	0.00796878	0	2.37629e-05	0	0	1.858e-05	0	5.62857e-07	1.16286e-06
2	200	0.00797376	0	2.37886e-05	0	0	1.85771e-05	0	5.65714e-07	1.16286e-06
3	300	0.00797143	0	2.35886e-05	0	0	1.84514e-05	0	5.62857e-07	1.16e-06
3	300	0.00797033	0	2.35943e-05	0	0	1.844e-05	0	5.6e-07	1.16286e-06
3	300	0.00797065	0	2.35857e-05	0	0	1.84514e-05	0	5.6e-07	1.16286e-06
3	300	0.00796942	0	2.35829e-05	0	0	1.84486e-05	0	5.6e-07	1.16286e-06
3	300	0.00796933	0	2.35829e-05	0	0	1.84457e-05	0	5.6e-07	1.15714e-06
3	300	0.0079696	0	2.35714e-05	0	0	1.84543e-05	0	5.65714e-07	1.15714e-06
3	300	0.00797335	0	2.35886e-05	0	0	1.84486e-05	0	5.6e-07	1.16286e-06
3	300	0.0079696	0	2.35886e-05	0	0	1.84429e-05	0	5.62857e-07	1.16e-06
3	300	0.0079696	0	2.35686e-05	0	0	1.844e-05	0	5.65714e-07	1.16286e-06
3	300	0.00797083	0	2.35943e-05	0	0	1.84543e-05	0	5.57143e-07	1.15714e-06
4	400	0.00797737	0	2.32114e-05	0	0	1.818e-05	0	5.6e-07	1.15714e-06
4	400	0.00797248	0	2.32086e-05	0	0	1.81743e-05	0	5.6e-07	1.16e-06
4	400	0.0079717	0	2.32e-05	0	0	1.81686e-05	0	5.6e-07	1.16e-06
4	400	0.00797102	0	2.32086e-05	0	0	1.81714e-05	0	5.6e-07	1.16e-06
4	400	0.00797143	0	2.32029e-05	0	0	1.81686e-05	0	5.6e-07	1.16571e-06
4	400	0.00797152	0	2.32114e-05	0	0	1.81686e-05	0	5.6e-07	1.16e-06
4	400	0.00797536	0	2.32114e-05	0	0	1.818e-05	0	5.6e-07	1.16e-06
4	400	0.00797065	0	2.32143e-05	0	0	1.81686e-05	0	5.6e-07	1.16571e-06
4	400	0.00797079	0	2.32057e-05	0	0	1.81657e-05	0	5.6e-07	1.15714e-06
4	400	0.00797266	0	2.32057e-05	0	0	1.81629e-05	0	5.6e-07	1.16e-06
5	500	0.00797275	0	2.28314e-05	0	0	1.79e-05	0	5.57143e-07	1.15714e-06
5	500	0.00797691	0	2.286e-05	0	0	1.79057e-05	0	5.6e-07	1.15714e-06
5	500	0.00797271	0	2.28286e-05	0	0	1.79057e-05	0	5.6e-07	1.15714e-06
5	500	0.00797504	0	2.28543e-05	0	0	1.79029e-05	0	5.57143e-07	1.15714e-06
5	500	0.00797545	0	2.28486e-05	0	0	1.79057e-05	0	5.57143e-07	1.15714e-06
5	500	0.00797129	0	2.28486e-05	0	0	1.79029e-05	0	5.57143e-07	1.15714e-06
5	500	0.00797509	0	2.28571e-05	0	0	1.79057e-05	0	5.57143e-07	1.15714e-06
5	500	0.0079696	0	2.28543e-05	0	0	1.79e-05	0	5.57143e-07	1.15714e-06
5	500	0.00797458	0	2.28514e-05	0	0	1.79029e-05	0	5.57143e-07	1.15714e-06
5	500	0.00797207	0	2.28314e-05	0	0	1.79057e-05	0	5.57143e-07	1.15714e-06
6	600	0.00797362	0	2.28829e-05	0	0	1.79371e-05	0	5.65714e-07	1.15714e-06
6	600	0.00797682	0	2.28971e-05	0	0	1.79314e-05	0	5.62857e-07	1.15429e-06
6	600	0.00797527	0	2.28857e-05	0	0	1.79343e-05	0	5.6e-07	1.15143e-06
6	600	0.00797605	0	2.29e-05	0	0	1.79343e-05	0	5.57143e-07	1.15714e-06
6	600	0.00797595	0	2.28943e-05	0	0	1.79314e-05	0	5.62857e-07	1.15429e-06
6	600	0.00797467	0	2.28914e-05	0	0	1.79314e-05	0	5.65714e-07	1.15429e-06
6	600	0.00797577	0	2.28886e-05	0	0	1.79343e-05	0	5.57143e-07	1.15714e-06
6	600	0.00797591	0	2.28943e-05	0	0	1.79371e-05	0	5.6e-07	1.15714e-06
6	600	0.00797294	0	2.28914e-05	0	0	1.79343e-05	0	5.6e-07	1.16571e-06
6	600	0.00797166	0	2.28857e-05	0	0	1.79314e-05	0	5.62857e-07	1.15143e-06
7	700	0.00797477	0	2.296e-05	0	0	1.79886e-05	0	5.6e-07	1.15429e-06
7	700	0.00797678	0	2.29686e-05	0	0	1.79829e-05	0	5.6e-07	1.15714e-06
7	700	0.00797833	0	2.29629e-05	0	0	1.79886e-05	0	5.6e-07	1.16e-06
7	700	0.00797797	0	2.29771e-05	0	0	1.79771e-05	0	5.6e-07	1.16e-06
7	700	0.00797792	0	2.29571e-05	0	0	1.79829e-05	0	5.6e-07	1.15714e-06
7	700	0.00797614	0	2.29657e-05	0	0	1.79829e-05	0	5.6e-07	1.16e-06
7	700	0.00797559	0	2.29657e-05	0	0	1.798e-05	0	5.6e-07	1.16e-06
7	700	0.00797646	0	2.29657e-05	0	0	1.798e-05	0	5.6e-07	1.16e-06
7	700	0.00797646	0	2.29486e-05	0	0	1.79829e-05	0	5.6e-07	1.16e-06
7	700	0.00797719	0	2.29771e-05	0	0	1.79771e-05	0	5.6e-07	1.16e-06
8	800	0.0079787	0	2.288e-05	0	0	1.79229e-05	0	5.48571e-07	1.15429e-06
8	800	0.00798053	0	2.28829e-05	0	0	1.79229e-05	0	5.48571e-07	1.15714e-06
8	800	0.00797509	0	2.28629e-05	0	0	1.79171e-05	0	5.51429e-07	1.15714e-06
8	800	0.00797765	0	2.288e-05	0	0	1.792e-05	0	5.51429e-07	1.16e-06
8	800	0.00797563	0	2.28829e-05	0	0	1.79229e-05	0	5.48571e-07	1.15143e-06
8	800	0.00797865	0	2.28829e-05	0	0	1.79171e-05	0	5.51429e-07	1.15143e-06
8	800	0.00797765	0	2.28771e-05	0	0	1.79229e-05	0	5.48571e-07	1.15143e-06
8	800	0.00797966	0	2.28886e-05	0	0	1.792e-05	0	5.48571e-07	1.15143e-06
8	800	0.00798158	0	2.28857e-05	0	0	1.79257e-05	0	5.48571e-07	1.15714e-06
8	800	0.00797989	0	2.28857e-05	0	0	1.792e-05	0	5.48571e-07	1.15429e-06
9	900	0.00798336	0	2.28343e-05	0	0	1.78771e-05	0	5.6e-07	1.15714e-06
9	900	0.00798075	0	2.28143e-05	0	0	1.78686e-05	0	5.65714e-07	1.15714e-06
9	900	0.00798066	0	2.28171e-05	0	0	1.78771e-05	0	5.62857e-07	1.15714e-06
9	900	0.0079829	0	2.28229e-05	0	0	1.78714e-05	0	5.62857e-07	1.15714e-06
9	900	0.00798373	0	2.28257e-05	0	0	1.78743e-05	0	5.65714e-07	1.15714e-06
9	900	0.00798391	0	2.28257e-05	0	0	1.78771e-05	0	5.6e-07	1.15714e-06
9	900	0.00798377	0	2.28114e-05	0	0	1.78771e-05	0	5.54286e-07	1.15714e-06
9	900	0.00798267	0	2.282e-05	0	0	1.78743e-05	0	5.62857e-07	1.15714e-06
9	900	0.00798139	0	2.28057e-05	0	0	1.788e-05	0	5.62857e-07	1.15714e-06
9	900	0.00798162	0	2.282e-05	0	0	1.78714e-05	0	5.57143e-07	1.15714e-06
10	1000	0.00798487	0	2.28514e-05	0	0	1.78971e-05	0	5.42857e-07	1.14286e-06
10	1000	0.00798994	0	2.28629e-05	0	0	1.79e-05	0	5.42857e-07	1.14286e-06
10	1000	0.00799282	0	2.28543e-05	0	0	1.79e-05	0	5.42857e-07	1.14286e-06
10	1000	0.00798816	0	2.28486e-05	0	0	1.78971e-05	0	5.48571e-07	1.14571e-06
10	1000	0.0079893	0	2.28514e-05	0	0	1.78971e-05	0	5.42857e-07	1.14571e-06
10	1000	0.00798889	0	2.28457e-05	0	0	1.79e-05	0	5.48571e-07	1.14286e-06
10	1000	0.00798958	0	2.28657e-05	0	0	1.78914e-05	0	5.45714e-07	1.14857e-06
10	1000	0.00798949	0	2.28514e-05	0	0	1.78971e-05	0	5.45714e-07	1.14571e-06
10	1000	0.00798729	0	2.28371e-05	0	0	1.79114e-05	0	5.42857e-07	1.14571e-06
10	1000	0.00798949	0	2.28429e-05	0	0	1.78971e-05	0	5.45714e-07	1.14286e-06
11	1100	0.00799817	0	2.30657e-05	0	0	1.80429e-05	0	5.62857e-07	1.16286e-06
11	1100	0.00800055	0	2.30629e-05	0	0	1.80457e-05	0	5.65714e-07	1.16286e-06
11	1100	0.00800146	0	2.306e-05	0	0	1.80429e-05	0	5.62857e-07	1.16286e-06
11	1100	0.00799918	0	2.30486e-05	0	0	1.80486e-05	0	5.65714e-07	1.16286e-06
11	1100	0.00799735	0	2.30514e-05	0	0	1.80514e-05	0	5.65714e-07	1.16286e-06
11	1100	0.00800155	0	2.306e-05	0	0	1.80429e-05	0	5.65714e-07	1.16286e-06
11	1100	0.00800032	0	2.30686e-05	0	0	1.80457e-05	0	5.6e-07	1.16286e-06
11	1100	0.00799762	0	2.30457e-05	0	0	1.80543e-05	0	5.62857e-07	1.16e-06
11	1100	0.00799968	0	2.30429e-05	0	0	1.80486e-05	0	5.65714e-07	1.16286e-06
11	1100	0.00799899	0	2.30486e-05	0	0	1.80514e-05	0	5.6e-07	1.16e-06
12	1200	0.00848558	0	2.42486e-05	0	0	1.908e-05	0	5.82857e-07	1.23429e-06
12	1200	0.0084853	0	2.42429e-05	0	0	1.908e-05	0	5.82857e-07	1.23429e-06
12	1200	0.00847831	0	2.422e-05	0	0	1.90914e-05	0	5.82857e-07	1.23143e-06
12	1200	0.00848201	0	2.424e-05	0	0	1.90686e-05	0	5.82857e-07	1.23429e-06
12	1200	0.00848311	0	2.42257e-05	0	0	1.90886e-05	0	5.82857e-07	1.23429e-06
12	1200	0.00848325	0	2.422e-05	0	0	1.90886e-05	0	5.82857e-07	1.23429e-06
12	1200	0.00848411	0	2.42486e-05	0	0	1.90943e-05	0	5.82857e-07	1.23429e-06
12	1200	0.00848174	0	2.422e-05	0	0	1.90857e-05	0	5.82857e-07	1.23429e-06
12	1200	0.00848215	0	2.42314e-05	0	0	1.90743e-05	0	5.82857e-07	1.23429e-06
12	1200	0.00848073	0	2.424e-05	0	0	1.90857e-05	0	5.82857e-07	1.23429e-06
